0	-0.000112442
1.92034e-13	-0.000113178
3.84068e-13	-0.000113916
5.76102e-13	-0.000114656
7.68136e-13	-0.000115397
9.6017e-13	-0.000116141
1.1522e-12	-0.000116886
1.34424e-12	-0.000117632
1.53627e-12	-0.000118381
1.72831e-12	-0.000119131
1.92034e-12	-0.000119883
2.11237e-12	-0.000120636
2.30441e-12	-0.000121391
2.49644e-12	-0.000122147
2.68848e-12	-0.000122905
2.88051e-12	-0.000123664
3.07254e-12	-0.000124425
3.26458e-12	-0.000125186
3.45661e-12	-0.000125949
3.64865e-12	-0.000126714
3.84068e-12	-0.000127479
4.03271e-12	-0.000128246
4.22475e-12	-0.000129013
4.41678e-12	-0.000129782
4.60882e-12	-0.000130552
4.80085e-12	-0.000131322
4.99289e-12	-0.000132093
5.18492e-12	-0.000132866
5.37695e-12	-0.000133639
5.56899e-12	-0.000134412
5.76102e-12	-0.000135186
5.95306e-12	-0.000135961
6.14509e-12	-0.000136737
6.33712e-12	-0.000137512
6.52916e-12	-0.000138289
6.72119e-12	-0.000139065
6.91323e-12	-0.000139842
7.10526e-12	-0.000140619
7.29729e-12	-0.000141396
7.48933e-12	-0.000142173
7.68136e-12	-0.000142951
7.8734e-12	-0.000143728
8.06543e-12	-0.000144505
8.25746e-12	-0.000145282
8.4495e-12	-0.000146059
8.64153e-12	-0.000146835
8.83357e-12	-0.000147611
9.0256e-12	-0.000148386
9.21763e-12	-0.000149161
9.40967e-12	-0.000149936
9.6017e-12	-0.000150709
9.79374e-12	-0.000151482
9.98577e-12	-0.000152254
1.01778e-11	-0.000153025
1.03698e-11	-0.000153795
1.05619e-11	-0.000154564
1.07539e-11	-0.000155331
1.09459e-11	-0.000156098
1.1138e-11	-0.000156863
1.133e-11	-0.000157626
1.1522e-11	-0.000158388
1.17141e-11	-0.000159149
1.19061e-11	-0.000159907
1.20981e-11	-0.000160664
1.22902e-11	-0.000161419
1.24822e-11	-0.000162172
1.26742e-11	-0.000162923
1.28663e-11	-0.000163672
1.30583e-11	-0.000164418
1.32503e-11	-0.000165162
1.34424e-11	-0.000165904
1.36344e-11	-0.000166643
1.38265e-11	-0.000167379
1.40185e-11	-0.000168112
1.42105e-11	-0.000168843
1.44026e-11	-0.00016957
1.45946e-11	-0.000170295
1.47866e-11	-0.000171016
1.49787e-11	-0.000171734
1.51707e-11	-0.000172448
1.53627e-11	-0.000173159
1.55548e-11	-0.000173866
1.57468e-11	-0.000174569
1.59388e-11	-0.000175268
1.61309e-11	-0.000175964
1.63229e-11	-0.000176655
1.65149e-11	-0.000177341
1.6707e-11	-0.000178024
1.6899e-11	-0.000178702
1.7091e-11	-0.000179375
1.72831e-11	-0.000180043
1.74751e-11	-0.000180707
1.76671e-11	-0.000181365
1.78592e-11	-0.000182018
1.80512e-11	-0.000182666
1.82432e-11	-0.000183309
1.84353e-11	-0.000183945
1.86273e-11	-0.000184576
1.88193e-11	-0.000185201
1.90114e-11	-0.000185821
1.92034e-11	-0.000186433
1.93954e-11	-0.00018704
1.95875e-11	-0.00018764
1.97795e-11	-0.000188234
1.99715e-11	-0.00018882
2.01636e-11	-0.0001894
2.03556e-11	-0.000189973
2.05476e-11	-0.000190538
2.07397e-11	-0.000191096
2.09317e-11	-0.000191647
2.11237e-11	-0.00019219
2.13158e-11	-0.000192724
2.15078e-11	-0.000193251
2.16998e-11	-0.00019377
2.18919e-11	-0.00019428
2.20839e-11	-0.000194782
2.22759e-11	-0.000195275
2.2468e-11	-0.000195759
2.266e-11	-0.000196234
2.28521e-11	-0.000196699
2.30441e-11	-0.000197155
2.32361e-11	-0.000197602
2.34282e-11	-0.000198039
2.36202e-11	-0.000198465
2.38122e-11	-0.000198882
2.40043e-11	-0.000199288
2.41963e-11	-0.000199684
2.43883e-11	-0.000200069
2.45804e-11	-0.000200443
2.47724e-11	-0.000200806
2.49644e-11	-0.000201157
2.51565e-11	-0.000201497
2.53485e-11	-0.000201825
2.55405e-11	-0.000202141
2.57326e-11	-0.000202445
2.59246e-11	-0.000202737
2.61166e-11	-0.000203016
2.63087e-11	-0.000203282
2.65007e-11	-0.000203535
2.66927e-11	-0.000203775
2.68848e-11	-0.000204001
2.70768e-11	-0.000204214
2.72688e-11	-0.000204413
2.74609e-11	-0.000204598
2.76529e-11	-0.000204768
2.78449e-11	-0.000204924
2.8037e-11	-0.000205065
2.8229e-11	-0.000205191
2.8421e-11	-0.000205301
2.86131e-11	-0.000205396
2.88051e-11	-0.000205476
2.89971e-11	-0.000205539
2.91892e-11	-0.000205586
2.93812e-11	-0.000205616
2.95732e-11	-0.00020563
2.97653e-11	-0.000205627
2.99573e-11	-0.000205606
3.01493e-11	-0.000205568
3.03414e-11	-0.000205512
3.05334e-11	-0.000205438
3.07254e-11	-0.000205346
3.09175e-11	-0.000205235
3.11095e-11	-0.000205105
3.13015e-11	-0.000204956
3.14936e-11	-0.000204787
3.16856e-11	-0.000204599
3.18777e-11	-0.000204391
3.20697e-11	-0.000204163
3.22617e-11	-0.000203914
3.24538e-11	-0.000203645
3.26458e-11	-0.000203354
3.28378e-11	-0.000203042
3.30299e-11	-0.000202708
3.32219e-11	-0.000202352
3.34139e-11	-0.000201974
3.3606e-11	-0.000201573
3.3798e-11	-0.00020115
3.399e-11	-0.000200703
3.41821e-11	-0.000200232
3.43741e-11	-0.000199738
3.45661e-11	-0.00019922
3.47582e-11	-0.000198677
3.49502e-11	-0.00019811
3.51422e-11	-0.000197517
3.53343e-11	-0.000196899
3.55263e-11	-0.000196255
3.57183e-11	-0.000195585
3.59104e-11	-0.000194889
3.61024e-11	-0.000194166
3.62944e-11	-0.000193415
3.64865e-11	-0.000192638
3.66785e-11	-0.000191832
3.68705e-11	-0.000190999
3.70626e-11	-0.000190137
3.72546e-11	-0.000189246
3.74466e-11	-0.000188326
3.76387e-11	-0.000187376
3.78307e-11	-0.000186397
3.80227e-11	-0.000185387
3.82148e-11	-0.000184347
3.84068e-11	-0.000183276
3.85988e-11	-0.000182173
3.87909e-11	-0.000181039
3.89829e-11	-0.000179872
3.91749e-11	-0.000178673
3.9367e-11	-0.000177441
3.9559e-11	-0.000176176
3.9751e-11	-0.000174877
3.99431e-11	-0.000173544
4.01351e-11	-0.000172177
4.03271e-11	-0.000170774
4.05192e-11	-0.000169337
4.07112e-11	-0.000167864
4.09033e-11	-0.000166355
4.10953e-11	-0.000164809
4.12873e-11	-0.000163227
4.14794e-11	-0.000161607
4.16714e-11	-0.000159949
4.18634e-11	-0.000158254
4.20555e-11	-0.00015652
4.22475e-11	-0.000154746
4.24395e-11	-0.000152934
4.26316e-11	-0.000151081
4.28236e-11	-0.000149189
4.30156e-11	-0.000147255
4.32077e-11	-0.000145281
4.33997e-11	-0.000143265
4.35917e-11	-0.000141207
4.37838e-11	-0.000139106
4.39758e-11	-0.000136962
4.41678e-11	-0.000134775
4.43599e-11	-0.000132544
4.45519e-11	-0.000130269
4.47439e-11	-0.000127949
4.4936e-11	-0.000125583
4.5128e-11	-0.000123172
4.532e-11	-0.000120715
4.55121e-11	-0.000118211
4.57041e-11	-0.00011566
4.58961e-11	-0.000113061
4.60882e-11	-0.000110414
4.62802e-11	-0.000107718
4.64722e-11	-0.000104973
4.66643e-11	-0.000102179
4.68563e-11	-9.9334e-05
4.70483e-11	-9.64387e-05
4.72404e-11	-9.34922e-05
4.74324e-11	-9.04941e-05
4.76244e-11	-8.74438e-05
4.78165e-11	-8.43408e-05
4.80085e-11	-8.11845e-05
4.82005e-11	-7.79745e-05
4.83926e-11	-7.47103e-05
4.85846e-11	-7.13912e-05
4.87766e-11	-6.80169e-05
4.89687e-11	-6.45866e-05
4.91607e-11	-6.11e-05
4.93527e-11	-5.75564e-05
4.95448e-11	-5.39553e-05
4.97368e-11	-5.02961e-05
4.99289e-11	-4.65784e-05
5.01209e-11	-4.28015e-05
5.03129e-11	-3.89649e-05
5.0505e-11	-3.5068e-05
5.0697e-11	-3.11102e-05
5.0889e-11	-2.70911e-05
5.10811e-11	-2.301e-05
5.12731e-11	-1.88663e-05
5.14651e-11	-1.46595e-05
5.16572e-11	-1.0389e-05
5.18492e-11	-6.0542e-06
5.20412e-11	-1.6545e-06
5.22333e-11	2.81067e-06
5.24253e-11	7.34192e-06
5.26173e-11	1.19398e-05
5.28094e-11	1.6605e-05
5.30014e-11	2.13381e-05
5.31934e-11	2.61396e-05
5.33855e-11	3.10103e-05
5.35775e-11	3.59506e-05
5.37695e-11	4.09613e-05
5.39616e-11	4.60429e-05
5.41536e-11	5.1196e-05
5.43456e-11	5.64214e-05
5.45377e-11	6.17196e-05
5.47297e-11	6.70912e-05
5.49217e-11	7.2537e-05
5.51138e-11	7.80574e-05
5.53058e-11	8.36532e-05
5.54978e-11	8.93251e-05
5.56899e-11	9.50736e-05
5.58819e-11	0.000100899
5.60739e-11	0.000106803
5.6266e-11	0.000112786
5.6458e-11	0.000118847
5.665e-11	0.000124989
5.68421e-11	0.000131212
5.70341e-11	0.000137515
5.72261e-11	0.000143901
5.74182e-11	0.000150369
5.76102e-11	0.000156921
5.78022e-11	0.000163556
5.79943e-11	0.000170277
5.81863e-11	0.000177082
5.83783e-11	0.000183974
5.85704e-11	0.000190953
5.87624e-11	0.000198019
5.89545e-11	0.000205173
5.91465e-11	0.000212416
5.93385e-11	0.000219749
5.95306e-11	0.000227172
5.97226e-11	0.000234686
5.99146e-11	0.000242291
6.01067e-11	0.00024999
6.02987e-11	0.000257781
6.04907e-11	0.000265666
6.06828e-11	0.000273646
6.08748e-11	0.000281722
6.10668e-11	0.000289893
6.12589e-11	0.000298161
6.14509e-11	0.000306527
6.16429e-11	0.000314992
6.1835e-11	0.000323555
6.2027e-11	0.000332218
6.2219e-11	0.000340982
6.24111e-11	0.000349847
6.26031e-11	0.000358814
6.27951e-11	0.000367884
6.29872e-11	0.000377057
6.31792e-11	0.000386335
6.33712e-11	0.000395718
6.35633e-11	0.000405207
6.37553e-11	0.000414803
6.39473e-11	0.000424506
6.41394e-11	0.000434318
6.43314e-11	0.000444238
6.45234e-11	0.000454268
6.47155e-11	0.000464409
6.49075e-11	0.000474662
6.50995e-11	0.000485026
6.52916e-11	0.000495504
6.54836e-11	0.000506095
6.56756e-11	0.000516801
6.58677e-11	0.000527622
6.60597e-11	0.00053856
6.62517e-11	0.000549614
6.64438e-11	0.000560786
6.66358e-11	0.000572077
6.68278e-11	0.000583488
6.70199e-11	0.000595018
6.72119e-11	0.00060667
6.74039e-11	0.000618444
6.7596e-11	0.00063034
6.7788e-11	0.00064236
6.79801e-11	0.000654504
6.81721e-11	0.000666774
6.83641e-11	0.000679169
6.85562e-11	0.000691692
6.87482e-11	0.000704342
6.89402e-11	0.000717121
6.91323e-11	0.000730029
6.93243e-11	0.000743067
6.95163e-11	0.000756236
6.97084e-11	0.000769538
6.99004e-11	0.000782972
7.00924e-11	0.00079654
7.02845e-11	0.000810242
7.04765e-11	0.00082408
7.06685e-11	0.000838054
7.08606e-11	0.000852165
7.10526e-11	0.000866413
7.12446e-11	0.000880801
7.14367e-11	0.000895328
7.16287e-11	0.000909996
7.18207e-11	0.000924805
7.20128e-11	0.000939756
7.22048e-11	0.000954851
7.23968e-11	0.000970089
7.25889e-11	0.000985472
7.27809e-11	0.001001
7.29729e-11	0.00101668
7.3165e-11	0.0010325
7.3357e-11	0.00104847
7.3549e-11	0.00106459
7.37411e-11	0.00108086
7.39331e-11	0.00109728
7.41251e-11	0.00111386
7.43172e-11	0.00113058
7.45092e-11	0.00114746
7.47012e-11	0.0011645
7.48933e-11	0.00118169
7.50853e-11	0.00119904
7.52773e-11	0.00121654
7.54694e-11	0.0012342
7.56614e-11	0.00125202
7.58534e-11	0.00127
7.60455e-11	0.00128814
7.62375e-11	0.00130644
7.64295e-11	0.00132491
7.66216e-11	0.00134354
7.68136e-11	0.00136233
7.70057e-11	0.00138129
7.71977e-11	0.00140041
7.73897e-11	0.0014197
7.75818e-11	0.00143916
7.77738e-11	0.00145879
7.79658e-11	0.00147859
7.81579e-11	0.00149855
7.83499e-11	0.00151869
7.85419e-11	0.00153901
7.8734e-11	0.00155949
7.8926e-11	0.00158015
7.9118e-11	0.00160098
7.93101e-11	0.00162199
7.95021e-11	0.00164318
7.96941e-11	0.00166454
7.98862e-11	0.00168609
8.00782e-11	0.00170781
8.02702e-11	0.00172971
8.04623e-11	0.00175179
8.06543e-11	0.00177406
8.08463e-11	0.00179651
8.10384e-11	0.00181914
8.12304e-11	0.00184196
8.14224e-11	0.00186496
8.16145e-11	0.00188815
8.18065e-11	0.00191153
8.19985e-11	0.00193509
8.21906e-11	0.00195884
8.23826e-11	0.00198279
8.25746e-11	0.00200692
8.27667e-11	0.00203125
8.29587e-11	0.00205577
8.31507e-11	0.00208048
8.33428e-11	0.00210539
8.35348e-11	0.00213049
8.37268e-11	0.00215579
8.39189e-11	0.00218129
8.41109e-11	0.00220698
8.43029e-11	0.00223287
8.4495e-11	0.00225896
8.4687e-11	0.00228525
8.4879e-11	0.00231175
8.50711e-11	0.00233844
8.52631e-11	0.00236534
8.54551e-11	0.00239244
8.56472e-11	0.00241975
8.58392e-11	0.00244726
8.60313e-11	0.00247498
8.62233e-11	0.0025029
8.64153e-11	0.00253104
8.66074e-11	0.00255938
8.67994e-11	0.00258793
8.69914e-11	0.00261669
8.71835e-11	0.00264566
8.73755e-11	0.00267485
8.75675e-11	0.00270425
8.77596e-11	0.00273386
8.79516e-11	0.00276368
8.81436e-11	0.00279373
8.83357e-11	0.00282398
8.85277e-11	0.00285446
8.87197e-11	0.00288515
8.89118e-11	0.00291606
8.91038e-11	0.00294719
8.92958e-11	0.00297854
8.94879e-11	0.00301011
8.96799e-11	0.0030419
8.98719e-11	0.00307391
9.0064e-11	0.00310615
9.0256e-11	0.0031386
9.0448e-11	0.00317129
9.06401e-11	0.0032042
9.08321e-11	0.00323733
9.10241e-11	0.0032707
9.12162e-11	0.00330428
9.14082e-11	0.0033381
9.16002e-11	0.00337215
9.17923e-11	0.00340642
9.19843e-11	0.00344093
9.21763e-11	0.00347567
9.23684e-11	0.00351063
9.25604e-11	0.00354583
9.27524e-11	0.00358127
9.29445e-11	0.00361693
9.31365e-11	0.00365283
9.33285e-11	0.00368897
9.35206e-11	0.00372534
9.37126e-11	0.00376195
9.39046e-11	0.00379879
9.40967e-11	0.00383587
9.42887e-11	0.00387319
9.44807e-11	0.00391075
9.46728e-11	0.00394855
9.48648e-11	0.00398659
9.50569e-11	0.00402486
9.52489e-11	0.00406338
9.54409e-11	0.00410214
9.5633e-11	0.00414115
9.5825e-11	0.00418039
9.6017e-11	0.00421988
9.62091e-11	0.00425961
9.64011e-11	0.00429959
9.65931e-11	0.00433981
9.67852e-11	0.00438028
9.69772e-11	0.00442099
9.71692e-11	0.00446195
9.73613e-11	0.00450315
9.75533e-11	0.00454461
9.77453e-11	0.00458631
9.79374e-11	0.00462826
9.81294e-11	0.00467046
9.83214e-11	0.0047129
9.85135e-11	0.0047556
9.87055e-11	0.00479855
9.88975e-11	0.00484174
9.90896e-11	0.00488519
9.92816e-11	0.00492889
9.94736e-11	0.00497284
9.96657e-11	0.00501704
9.98577e-11	0.0050615
1.0005e-10	0.0051062
1.00242e-10	0.00515117
1.00434e-10	0.00519638
1.00626e-10	0.00524185
1.00818e-10	0.00528757
1.0101e-10	0.00533354
1.01202e-10	0.00537977
1.01394e-10	0.00542626
1.01586e-10	0.005473
1.01778e-10	0.00551999
1.0197e-10	0.00556724
1.02162e-10	0.00561475
1.02354e-10	0.00566251
1.02546e-10	0.00571053
1.02738e-10	0.0057588
1.0293e-10	0.00580733
1.03122e-10	0.00585612
1.03314e-10	0.00590516
1.03506e-10	0.00595446
1.03698e-10	0.00600402
1.0389e-10	0.00605383
1.04082e-10	0.0061039
1.04274e-10	0.00615423
1.04467e-10	0.00620482
1.04659e-10	0.00625566
1.04851e-10	0.00630676
1.05043e-10	0.00635812
1.05235e-10	0.00640973
1.05427e-10	0.00646161
1.05619e-10	0.00651374
1.05811e-10	0.00656612
1.06003e-10	0.00661877
1.06195e-10	0.00667167
1.06387e-10	0.00672483
1.06579e-10	0.00677824
1.06771e-10	0.00683191
1.06963e-10	0.00688584
1.07155e-10	0.00694002
1.07347e-10	0.00699446
1.07539e-10	0.00704916
1.07731e-10	0.00710411
1.07923e-10	0.00715932
1.08115e-10	0.00721478
1.08307e-10	0.0072705
1.08499e-10	0.00732647
1.08691e-10	0.0073827
1.08883e-10	0.00743918
1.09075e-10	0.00749592
1.09267e-10	0.0075529
1.09459e-10	0.00761015
1.09651e-10	0.00766764
1.09843e-10	0.00772539
1.10036e-10	0.00778338
1.10228e-10	0.00784163
1.1042e-10	0.00790014
1.10612e-10	0.00795889
1.10804e-10	0.00801789
1.10996e-10	0.00807714
1.11188e-10	0.00813664
1.1138e-10	0.00819638
1.11572e-10	0.00825638
1.11764e-10	0.00831662
1.11956e-10	0.00837711
1.12148e-10	0.00843785
1.1234e-10	0.00849883
1.12532e-10	0.00856005
1.12724e-10	0.00862152
1.12916e-10	0.00868323
1.13108e-10	0.00874518
1.133e-10	0.00880738
1.13492e-10	0.00886981
1.13684e-10	0.00893249
1.13876e-10	0.0089954
1.14068e-10	0.00905856
1.1426e-10	0.00912195
1.14452e-10	0.00918557
1.14644e-10	0.00924943
1.14836e-10	0.00931353
1.15028e-10	0.00937786
1.1522e-10	0.00944242
1.15412e-10	0.00950721
1.15604e-10	0.00957224
1.15797e-10	0.00963749
1.15989e-10	0.00970297
1.16181e-10	0.00976868
1.16373e-10	0.00983462
1.16565e-10	0.00990077
1.16757e-10	0.00996716
1.16949e-10	0.0100338
1.17141e-10	0.0101006
1.17333e-10	0.0101676
1.17525e-10	0.0102349
1.17717e-10	0.0103024
1.17909e-10	0.0103701
1.18101e-10	0.010438
1.18293e-10	0.0105061
1.18485e-10	0.0105744
1.18677e-10	0.010643
1.18869e-10	0.0107118
1.19061e-10	0.0107807
1.19253e-10	0.0108499
1.19445e-10	0.0109193
1.19637e-10	0.0109888
1.19829e-10	0.0110586
1.20021e-10	0.0111286
1.20213e-10	0.0111987
1.20405e-10	0.0112691
1.20597e-10	0.0113397
1.20789e-10	0.0114104
1.20981e-10	0.0114814
1.21173e-10	0.0115525
1.21366e-10	0.0116238
1.21558e-10	0.0116953
1.2175e-10	0.011767
1.21942e-10	0.0118389
1.22134e-10	0.0119109
1.22326e-10	0.0119832
1.22518e-10	0.0120556
1.2271e-10	0.0121281
1.22902e-10	0.0122009
1.23094e-10	0.0122738
1.23286e-10	0.0123469
1.23478e-10	0.0124201
1.2367e-10	0.0124935
1.23862e-10	0.0125671
1.24054e-10	0.0126408
1.24246e-10	0.0127147
1.24438e-10	0.0127887
1.2463e-10	0.0128629
1.24822e-10	0.0129372
1.25014e-10	0.0130117
1.25206e-10	0.0130863
1.25398e-10	0.0131611
1.2559e-10	0.013236
1.25782e-10	0.013311
1.25974e-10	0.0133862
1.26166e-10	0.0134615
1.26358e-10	0.0135369
1.2655e-10	0.0136124
1.26742e-10	0.0136881
1.26935e-10	0.0137639
1.27127e-10	0.0138398
1.27319e-10	0.0139158
1.27511e-10	0.013992
1.27703e-10	0.0140682
1.27895e-10	0.0141445
1.28087e-10	0.014221
1.28279e-10	0.0142975
1.28471e-10	0.0143742
1.28663e-10	0.0144509
1.28855e-10	0.0145277
1.29047e-10	0.0146046
1.29239e-10	0.0146816
1.29431e-10	0.0147587
1.29623e-10	0.0148359
1.29815e-10	0.0149131
1.30007e-10	0.0149904
1.30199e-10	0.0150677
1.30391e-10	0.0151452
1.30583e-10	0.0152227
1.30775e-10	0.0153002
1.30967e-10	0.0153778
1.31159e-10	0.0154554
1.31351e-10	0.0155331
1.31543e-10	0.0156108
1.31735e-10	0.0156886
1.31927e-10	0.0157664
1.32119e-10	0.0158442
1.32311e-10	0.0159221
1.32503e-10	0.016
1.32696e-10	0.0160779
1.32888e-10	0.0161558
1.3308e-10	0.0162337
1.33272e-10	0.0163117
1.33464e-10	0.0163896
1.33656e-10	0.0164675
1.33848e-10	0.0165455
1.3404e-10	0.0166234
1.34232e-10	0.0167013
1.34424e-10	0.0167792
1.34616e-10	0.0168571
1.34808e-10	0.0169349
1.35e-10	0.0170127
1.35192e-10	0.0170905
1.35384e-10	0.0171682
1.35576e-10	0.0172459
1.35768e-10	0.0173236
1.3596e-10	0.0174012
1.36152e-10	0.0174787
1.36344e-10	0.0175562
1.36536e-10	0.0176336
1.36728e-10	0.0177109
1.3692e-10	0.0177881
1.37112e-10	0.0178653
1.37304e-10	0.0179424
1.37496e-10	0.0180194
1.37688e-10	0.0180963
1.3788e-10	0.0181731
1.38072e-10	0.0182498
1.38265e-10	0.0183264
1.38457e-10	0.0184028
1.38649e-10	0.0184792
1.38841e-10	0.0185554
1.39033e-10	0.0186314
1.39225e-10	0.0187074
1.39417e-10	0.0187832
1.39609e-10	0.0188588
1.39801e-10	0.0189343
1.39993e-10	0.0190097
1.40185e-10	0.0190848
1.40377e-10	0.0191598
1.40569e-10	0.0192347
1.40761e-10	0.0193093
1.40953e-10	0.0193838
1.41145e-10	0.019458
1.41337e-10	0.0195321
1.41529e-10	0.0196059
1.41721e-10	0.0196796
1.41913e-10	0.019753
1.42105e-10	0.0198262
1.42297e-10	0.0198992
1.42489e-10	0.0199719
1.42681e-10	0.0200445
1.42873e-10	0.0201167
1.43065e-10	0.0201887
1.43257e-10	0.0202605
1.43449e-10	0.0203319
1.43641e-10	0.0204031
1.43833e-10	0.0204741
1.44026e-10	0.0205447
1.44218e-10	0.020615
1.4441e-10	0.0206851
1.44602e-10	0.0207548
1.44794e-10	0.0208243
1.44986e-10	0.0208934
1.45178e-10	0.0209622
1.4537e-10	0.0210306
1.45562e-10	0.0210988
1.45754e-10	0.0211665
1.45946e-10	0.021234
1.46138e-10	0.021301
1.4633e-10	0.0213677
1.46522e-10	0.0214341
1.46714e-10	0.0215
1.46906e-10	0.0215656
1.47098e-10	0.0216307
1.4729e-10	0.0216955
1.47482e-10	0.0217598
1.47674e-10	0.0218238
1.47866e-10	0.0218873
1.48058e-10	0.0219504
1.4825e-10	0.022013
1.48442e-10	0.0220752
1.48634e-10	0.022137
1.48826e-10	0.0221982
1.49018e-10	0.0222591
1.4921e-10	0.0223194
1.49402e-10	0.0223792
1.49595e-10	0.0224386
1.49787e-10	0.0224975
1.49979e-10	0.0225558
1.50171e-10	0.0226137
1.50363e-10	0.022671
1.50555e-10	0.0227278
1.50747e-10	0.022784
1.50939e-10	0.0228397
1.51131e-10	0.0228948
1.51323e-10	0.0229494
1.51515e-10	0.0230034
1.51707e-10	0.0230568
1.51899e-10	0.0231097
1.52091e-10	0.0231619
1.52283e-10	0.0232135
1.52475e-10	0.0232645
1.52667e-10	0.0233149
1.52859e-10	0.0233647
1.53051e-10	0.0234138
1.53243e-10	0.0234623
1.53435e-10	0.0235101
1.53627e-10	0.0235572
1.53819e-10	0.0236037
1.54011e-10	0.0236495
1.54203e-10	0.0236946
1.54395e-10	0.023739
1.54587e-10	0.0237827
1.54779e-10	0.0238256
1.54971e-10	0.0238678
1.55164e-10	0.0239093
1.55356e-10	0.0239501
1.55548e-10	0.0239901
1.5574e-10	0.0240293
1.55932e-10	0.0240677
1.56124e-10	0.0241054
1.56316e-10	0.0241423
1.56508e-10	0.0241783
1.567e-10	0.0242136
1.56892e-10	0.024248
1.57084e-10	0.0242816
1.57276e-10	0.0243144
1.57468e-10	0.0243463
1.5766e-10	0.0243773
1.57852e-10	0.0244075
1.58044e-10	0.0244368
1.58236e-10	0.0244652
1.58428e-10	0.0244927
1.5862e-10	0.0245193
1.58812e-10	0.024545
1.59004e-10	0.0245697
1.59196e-10	0.0245935
1.59388e-10	0.0246164
1.5958e-10	0.0246383
1.59772e-10	0.0246592
1.59964e-10	0.0246791
1.60156e-10	0.0246981
1.60348e-10	0.024716
1.6054e-10	0.024733
1.60732e-10	0.0247489
1.60925e-10	0.0247638
1.61117e-10	0.0247776
1.61309e-10	0.0247904
1.61501e-10	0.0248021
1.61693e-10	0.0248128
1.61885e-10	0.0248223
1.62077e-10	0.0248308
1.62269e-10	0.0248382
1.62461e-10	0.0248444
1.62653e-10	0.0248495
1.62845e-10	0.0248535
1.63037e-10	0.0248563
1.63229e-10	0.024858
1.63421e-10	0.0248585
1.63613e-10	0.0248578
1.63805e-10	0.0248559
1.63997e-10	0.0248528
1.64189e-10	0.0248485
1.64381e-10	0.024843
1.64573e-10	0.0248362
1.64765e-10	0.0248282
1.64957e-10	0.0248189
1.65149e-10	0.0248083
1.65341e-10	0.0247965
1.65533e-10	0.0247834
1.65725e-10	0.0247689
1.65917e-10	0.0247532
1.66109e-10	0.0247361
1.66301e-10	0.0247177
1.66494e-10	0.0246979
1.66686e-10	0.0246768
1.66878e-10	0.0246543
1.6707e-10	0.0246304
1.67262e-10	0.0246051
1.67454e-10	0.0245784
1.67646e-10	0.0245502
1.67838e-10	0.0245207
1.6803e-10	0.0244897
1.68222e-10	0.0244572
1.68414e-10	0.0244233
1.68606e-10	0.0243879
1.68798e-10	0.024351
1.6899e-10	0.0243126
1.69182e-10	0.0242726
1.69374e-10	0.0242312
1.69566e-10	0.0241882
1.69758e-10	0.0241437
1.6995e-10	0.0240976
1.70142e-10	0.0240499
1.70334e-10	0.0240006
1.70526e-10	0.0239497
1.70718e-10	0.0238972
1.7091e-10	0.0238431
1.71102e-10	0.0237874
1.71294e-10	0.02373
1.71486e-10	0.0236709
1.71678e-10	0.0236102
1.7187e-10	0.0235478
1.72063e-10	0.0234837
1.72255e-10	0.0234178
1.72447e-10	0.0233503
1.72639e-10	0.023281
1.72831e-10	0.02321
1.73023e-10	0.0231372
1.73215e-10	0.0230626
1.73407e-10	0.0229863
1.73599e-10	0.0229081
1.73791e-10	0.0228282
1.73983e-10	0.0227464
1.74175e-10	0.0226628
1.74367e-10	0.0225773
1.74559e-10	0.02249
1.74751e-10	0.0224008
1.74943e-10	0.0223097
1.75135e-10	0.0222167
1.75327e-10	0.0221218
1.75519e-10	0.022025
1.75711e-10	0.0219263
1.75903e-10	0.0218256
1.76095e-10	0.0217229
1.76287e-10	0.0216183
1.76479e-10	0.0215117
1.76671e-10	0.0214031
1.76863e-10	0.0212924
1.77055e-10	0.0211798
1.77247e-10	0.0210651
1.77439e-10	0.0209483
1.77631e-10	0.0208295
1.77824e-10	0.0207086
1.78016e-10	0.0205857
1.78208e-10	0.0204606
1.784e-10	0.0203334
1.78592e-10	0.0202041
1.78784e-10	0.0200727
1.78976e-10	0.019939
1.79168e-10	0.0198033
1.7936e-10	0.0196653
1.79552e-10	0.0195252
1.79744e-10	0.0193829
1.79936e-10	0.0192383
1.80128e-10	0.0190915
1.8032e-10	0.0189425
1.80512e-10	0.0187912
1.80704e-10	0.0186376
1.80896e-10	0.0184818
1.81088e-10	0.0183237
1.8128e-10	0.0181633
1.81472e-10	0.0180005
1.81664e-10	0.0178354
1.81856e-10	0.017668
1.82048e-10	0.0174982
1.8224e-10	0.0173261
1.82432e-10	0.0171515
1.82624e-10	0.0169746
1.82816e-10	0.0167953
1.83008e-10	0.0166135
1.832e-10	0.0164293
1.83393e-10	0.0162427
1.83585e-10	0.0160536
1.83777e-10	0.0158621
1.83969e-10	0.015668
1.84161e-10	0.0154715
1.84353e-10	0.0152724
1.84545e-10	0.0150708
1.84737e-10	0.0148667
1.84929e-10	0.0146601
1.85121e-10	0.0144509
1.85313e-10	0.0142391
1.85505e-10	0.0140247
1.85697e-10	0.0138078
1.85889e-10	0.0135882
1.86081e-10	0.013366
1.86273e-10	0.0131412
1.86465e-10	0.0129137
1.86657e-10	0.0126836
1.86849e-10	0.0124508
1.87041e-10	0.0122153
1.87233e-10	0.0119771
1.87425e-10	0.0117362
1.87617e-10	0.0114926
1.87809e-10	0.0112463
1.88001e-10	0.0109972
1.88193e-10	0.0107453
1.88385e-10	0.0104907
1.88577e-10	0.0102333
1.88769e-10	0.00997314
1.88961e-10	0.00971015
1.89154e-10	0.00944435
1.89346e-10	0.00917572
1.89538e-10	0.00890424
1.8973e-10	0.00862992
1.89922e-10	0.00835273
1.90114e-10	0.00807267
1.90306e-10	0.00778972
1.90498e-10	0.00750387
1.9069e-10	0.00721511
1.90882e-10	0.00692342
1.91074e-10	0.00662881
1.91266e-10	0.00633124
1.91458e-10	0.00603072
1.9165e-10	0.00572724
1.91842e-10	0.00542077
1.92034e-10	0.00511131
1.92226e-10	0.00479885
1.92418e-10	0.00448338
1.9261e-10	0.00416488
1.92802e-10	0.00384335
1.92994e-10	0.00351877
1.93186e-10	0.00319113
1.93378e-10	0.00286042
1.9357e-10	0.00252664
1.93762e-10	0.00218976
1.93954e-10	0.00184978
1.94146e-10	0.00150669
1.94338e-10	0.00116048
1.9453e-10	0.000811136
1.94723e-10	0.000458647
1.94915e-10	0.000103004
1.95107e-10	-0.000255804
1.95299e-10	-0.000617786
1.95491e-10	-0.000982955
1.95683e-10	-0.00135132
1.95875e-10	-0.00172289
1.96067e-10	-0.00209767
1.96259e-10	-0.00247568
1.96451e-10	-0.00285693
1.96643e-10	-0.00324142
1.96835e-10	-0.00362917
1.97027e-10	-0.00402018
1.97219e-10	-0.00441447
1.97411e-10	-0.00481204
1.97603e-10	-0.0052129
1.97795e-10	-0.00561707
1.97987e-10	-0.00602456
1.98179e-10	-0.00643536
1.98371e-10	-0.00684949
1.98563e-10	-0.00726697
1.98755e-10	-0.00768779
1.98947e-10	-0.00811197
1.99139e-10	-0.00853952
1.99331e-10	-0.00897045
1.99523e-10	-0.00940476
1.99715e-10	-0.00984246
1.99907e-10	-0.0102836
2.00099e-10	-0.0107281
2.00292e-10	-0.011176
2.00484e-10	-0.0116274
2.00676e-10	-0.0120822
2.00868e-10	-0.0125404
2.0106e-10	-0.0130021
2.01252e-10	-0.0134672
2.01444e-10	-0.0139359
2.01636e-10	-0.0144079
2.01828e-10	-0.0148835
2.0202e-10	-0.0153626
2.02212e-10	-0.0158451
2.02404e-10	-0.0163312
2.02596e-10	-0.0168208
2.02788e-10	-0.0173139
2.0298e-10	-0.0178105
2.03172e-10	-0.0183106
2.03364e-10	-0.0188143
2.03556e-10	-0.0193215
2.03748e-10	-0.0198323
2.0394e-10	-0.0203467
2.04132e-10	-0.0208646
2.04324e-10	-0.0213861
2.04516e-10	-0.0219111
2.04708e-10	-0.0224398
2.049e-10	-0.022972
2.05092e-10	-0.0235078
2.05284e-10	-0.0240472
2.05476e-10	-0.0245903
2.05668e-10	-0.0251369
2.0586e-10	-0.0256872
2.06053e-10	-0.0262411
2.06245e-10	-0.0267986
2.06437e-10	-0.0273597
2.06629e-10	-0.0279245
2.06821e-10	-0.0284929
2.07013e-10	-0.029065
2.07205e-10	-0.0296407
2.07397e-10	-0.0302201
2.07589e-10	-0.0308031
2.07781e-10	-0.0313898
2.07973e-10	-0.0319802
2.08165e-10	-0.0325742
2.08357e-10	-0.0331719
2.08549e-10	-0.0337733
2.08741e-10	-0.0343784
2.08933e-10	-0.0349872
2.09125e-10	-0.0355996
2.09317e-10	-0.0362157
2.09509e-10	-0.0368356
2.09701e-10	-0.0374591
2.09893e-10	-0.0380863
2.10085e-10	-0.0387172
2.10277e-10	-0.0393519
2.10469e-10	-0.0399902
2.10661e-10	-0.0406322
2.10853e-10	-0.041278
2.11045e-10	-0.0419275
2.11237e-10	-0.0425806
2.11429e-10	-0.0432375
2.11622e-10	-0.0438981
2.11814e-10	-0.0445625
2.12006e-10	-0.0452305
2.12198e-10	-0.0459023
2.1239e-10	-0.0465778
2.12582e-10	-0.047257
2.12774e-10	-0.0479399
2.12966e-10	-0.0486265
2.13158e-10	-0.0493169
2.1335e-10	-0.050011
2.13542e-10	-0.0507088
2.13734e-10	-0.0514103
2.13926e-10	-0.0521155
2.14118e-10	-0.0528245
2.1431e-10	-0.0535371
2.14502e-10	-0.0542535
2.14694e-10	-0.0549736
2.14886e-10	-0.0556975
2.15078e-10	-0.056425
2.1527e-10	-0.0571562
2.15462e-10	-0.0578912
2.15654e-10	-0.0586298
2.15846e-10	-0.0593722
2.16038e-10	-0.0601182
2.1623e-10	-0.060868
2.16422e-10	-0.0616215
2.16614e-10	-0.0623786
2.16806e-10	-0.0631394
2.16998e-10	-0.063904
2.17191e-10	-0.0646721
2.17383e-10	-0.065444
2.17575e-10	-0.0662196
2.17767e-10	-0.0669988
2.17959e-10	-0.0677817
2.18151e-10	-0.0685683
2.18343e-10	-0.0693585
2.18535e-10	-0.0701523
2.18727e-10	-0.0709498
2.18919e-10	-0.071751
2.19111e-10	-0.0725558
2.19303e-10	-0.0733642
2.19495e-10	-0.0741763
2.19687e-10	-0.0749919
2.19879e-10	-0.0758112
2.20071e-10	-0.0766341
2.20263e-10	-0.0774606
2.20455e-10	-0.0782907
2.20647e-10	-0.0791244
2.20839e-10	-0.0799616
2.21031e-10	-0.0808025
2.21223e-10	-0.0816469
2.21415e-10	-0.0824948
2.21607e-10	-0.0833463
2.21799e-10	-0.0842014
2.21991e-10	-0.0850599
2.22183e-10	-0.085922
2.22375e-10	-0.0867876
2.22567e-10	-0.0876568
2.22759e-10	-0.0885294
2.22952e-10	-0.0894055
2.23144e-10	-0.0902851
2.23336e-10	-0.0911682
2.23528e-10	-0.0920547
2.2372e-10	-0.0929447
2.23912e-10	-0.0938381
2.24104e-10	-0.094735
2.24296e-10	-0.0956352
2.24488e-10	-0.0965389
2.2468e-10	-0.097446
2.24872e-10	-0.0983564
2.25064e-10	-0.0992703
2.25256e-10	-0.100187
2.25448e-10	-0.101108
2.2564e-10	-0.102032
2.25832e-10	-0.102959
2.26024e-10	-0.10389
2.26216e-10	-0.104823
2.26408e-10	-0.105761
2.266e-10	-0.106701
2.26792e-10	-0.107645
2.26984e-10	-0.108591
2.27176e-10	-0.109542
2.27368e-10	-0.110495
2.2756e-10	-0.111451
2.27752e-10	-0.112411
2.27944e-10	-0.113374
2.28136e-10	-0.11434
2.28328e-10	-0.115309
2.28521e-10	-0.116282
2.28713e-10	-0.117257
2.28905e-10	-0.118236
2.29097e-10	-0.119217
2.29289e-10	-0.120202
2.29481e-10	-0.12119
2.29673e-10	-0.12218
2.29865e-10	-0.123174
2.30057e-10	-0.124171
2.30249e-10	-0.125171
2.30441e-10	-0.126173
2.30633e-10	-0.127179
2.30825e-10	-0.128188
2.31017e-10	-0.129199
2.31209e-10	-0.130214
2.31401e-10	-0.131231
2.31593e-10	-0.132251
2.31785e-10	-0.133274
2.31977e-10	-0.1343
2.32169e-10	-0.135328
2.32361e-10	-0.136359
2.32553e-10	-0.137393
2.32745e-10	-0.13843
2.32937e-10	-0.13947
2.33129e-10	-0.140512
2.33321e-10	-0.141557
2.33513e-10	-0.142604
2.33705e-10	-0.143654
2.33897e-10	-0.144707
2.34089e-10	-0.145762
2.34282e-10	-0.14682
2.34474e-10	-0.147881
2.34666e-10	-0.148943
2.34858e-10	-0.150009
2.3505e-10	-0.151077
2.35242e-10	-0.152147
2.35434e-10	-0.15322
2.35626e-10	-0.154295
2.35818e-10	-0.155372
2.3601e-10	-0.156452
2.36202e-10	-0.157534
2.36394e-10	-0.158619
2.36586e-10	-0.159705
2.36778e-10	-0.160794
2.3697e-10	-0.161885
2.37162e-10	-0.162979
2.37354e-10	-0.164074
2.37546e-10	-0.165172
2.37738e-10	-0.166272
2.3793e-10	-0.167374
2.38122e-10	-0.168477
2.38314e-10	-0.169583
2.38506e-10	-0.170691
2.38698e-10	-0.171801
2.3889e-10	-0.172913
2.39082e-10	-0.174027
2.39274e-10	-0.175143
2.39466e-10	-0.17626
2.39658e-10	-0.17738
2.39851e-10	-0.178501
2.40043e-10	-0.179624
2.40235e-10	-0.180748
2.40427e-10	-0.181875
2.40619e-10	-0.183003
2.40811e-10	-0.184133
2.41003e-10	-0.185264
2.41195e-10	-0.186397
2.41387e-10	-0.187531
2.41579e-10	-0.188667
2.41771e-10	-0.189805
2.41963e-10	-0.190944
2.42155e-10	-0.192084
2.42347e-10	-0.193226
2.42539e-10	-0.194369
2.42731e-10	-0.195514
2.42923e-10	-0.19666
2.43115e-10	-0.197807
2.43307e-10	-0.198955
2.43499e-10	-0.200105
2.43691e-10	-0.201255
2.43883e-10	-0.202407
2.44075e-10	-0.20356
2.44267e-10	-0.204714
2.44459e-10	-0.205869
2.44651e-10	-0.207025
2.44843e-10	-0.208182
2.45035e-10	-0.20934
2.45227e-10	-0.210499
2.4542e-10	-0.211658
2.45612e-10	-0.212819
2.45804e-10	-0.21398
2.45996e-10	-0.215142
2.46188e-10	-0.216304
2.4638e-10	-0.217468
2.46572e-10	-0.218632
2.46764e-10	-0.219796
2.46956e-10	-0.220961
2.47148e-10	-0.222127
2.4734e-10	-0.223293
2.47532e-10	-0.224459
2.47724e-10	-0.225626
2.47916e-10	-0.226793
2.48108e-10	-0.227961
2.483e-10	-0.229129
2.48492e-10	-0.230297
2.48684e-10	-0.231465
2.48876e-10	-0.232633
2.49068e-10	-0.233802
2.4926e-10	-0.234971
2.49452e-10	-0.236139
2.49644e-10	-0.237308
2.49836e-10	-0.238476
2.50028e-10	-0.239645
2.5022e-10	-0.240813
2.50412e-10	-0.241981
2.50604e-10	-0.243149
2.50796e-10	-0.244317
2.50988e-10	-0.245484
2.51181e-10	-0.246652
2.51373e-10	-0.247818
2.51565e-10	-0.248984
2.51757e-10	-0.25015
2.51949e-10	-0.251315
2.52141e-10	-0.25248
2.52333e-10	-0.253644
2.52525e-10	-0.254808
2.52717e-10	-0.25597
2.52909e-10	-0.257132
2.53101e-10	-0.258293
2.53293e-10	-0.259454
2.53485e-10	-0.260613
2.53677e-10	-0.261772
2.53869e-10	-0.262929
2.54061e-10	-0.264086
2.54253e-10	-0.265242
2.54445e-10	-0.266396
2.54637e-10	-0.267549
2.54829e-10	-0.268701
2.55021e-10	-0.269852
2.55213e-10	-0.271002
2.55405e-10	-0.27215
2.55597e-10	-0.273297
2.55789e-10	-0.274442
2.55981e-10	-0.275586
2.56173e-10	-0.276728
2.56365e-10	-0.277869
2.56557e-10	-0.279008
2.5675e-10	-0.280146
2.56942e-10	-0.281281
2.57134e-10	-0.282415
2.57326e-10	-0.283547
2.57518e-10	-0.284678
2.5771e-10	-0.285806
2.57902e-10	-0.286932
2.58094e-10	-0.288057
2.58286e-10	-0.289179
2.58478e-10	-0.290299
2.5867e-10	-0.291417
2.58862e-10	-0.292533
2.59054e-10	-0.293646
2.59246e-10	-0.294757
2.59438e-10	-0.295866
2.5963e-10	-0.296972
2.59822e-10	-0.298076
2.60014e-10	-0.299177
2.60206e-10	-0.300276
2.60398e-10	-0.301372
2.6059e-10	-0.302466
2.60782e-10	-0.303556
2.60974e-10	-0.304644
2.61166e-10	-0.305729
2.61358e-10	-0.306811
2.6155e-10	-0.307891
2.61742e-10	-0.308967
2.61934e-10	-0.31004
2.62126e-10	-0.31111
2.62319e-10	-0.312177
2.62511e-10	-0.31324
2.62703e-10	-0.314301
2.62895e-10	-0.315358
2.63087e-10	-0.316412
2.63279e-10	-0.317462
2.63471e-10	-0.318509
2.63663e-10	-0.319552
2.63855e-10	-0.320591
2.64047e-10	-0.321627
2.64239e-10	-0.32266
2.64431e-10	-0.323688
2.64623e-10	-0.324713
2.64815e-10	-0.325734
2.65007e-10	-0.326751
2.65199e-10	-0.327764
2.65391e-10	-0.328773
2.65583e-10	-0.329778
2.65775e-10	-0.330778
2.65967e-10	-0.331775
2.66159e-10	-0.332767
2.66351e-10	-0.333755
2.66543e-10	-0.334739
2.66735e-10	-0.335718
2.66927e-10	-0.336692
2.67119e-10	-0.337663
2.67311e-10	-0.338628
2.67503e-10	-0.339589
2.67695e-10	-0.340545
2.67887e-10	-0.341497
2.6808e-10	-0.342443
2.68272e-10	-0.343385
2.68464e-10	-0.344322
2.68656e-10	-0.345254
2.68848e-10	-0.346181
2.6904e-10	-0.347103
2.69232e-10	-0.348019
2.69424e-10	-0.348931
2.69616e-10	-0.349837
2.69808e-10	-0.350738
2.7e-10	-0.351633
2.70192e-10	-0.352523
2.70384e-10	-0.353407
2.70576e-10	-0.354286
2.70768e-10	-0.35516
2.7096e-10	-0.356027
2.71152e-10	-0.356889
2.71344e-10	-0.357745
2.71536e-10	-0.358596
2.71728e-10	-0.35944
2.7192e-10	-0.360279
2.72112e-10	-0.361111
2.72304e-10	-0.361937
2.72496e-10	-0.362758
2.72688e-10	-0.363572
2.7288e-10	-0.36438
2.73072e-10	-0.365181
2.73264e-10	-0.365976
2.73456e-10	-0.366765
2.73649e-10	-0.367547
2.73841e-10	-0.368323
2.74033e-10	-0.369092
2.74225e-10	-0.369855
2.74417e-10	-0.370611
2.74609e-10	-0.37136
2.74801e-10	-0.372102
2.74993e-10	-0.372837
2.75185e-10	-0.373566
2.75377e-10	-0.374287
2.75569e-10	-0.375002
2.75761e-10	-0.375709
2.75953e-10	-0.376409
2.76145e-10	-0.377102
2.76337e-10	-0.377788
2.76529e-10	-0.378466
2.76721e-10	-0.379137
2.76913e-10	-0.3798
2.77105e-10	-0.380456
2.77297e-10	-0.381104
2.77489e-10	-0.381745
2.77681e-10	-0.382378
2.77873e-10	-0.383004
2.78065e-10	-0.383621
2.78257e-10	-0.384231
2.78449e-10	-0.384833
2.78641e-10	-0.385426
2.78833e-10	-0.386012
2.79025e-10	-0.38659
2.79217e-10	-0.387159
2.7941e-10	-0.387721
2.79602e-10	-0.388274
2.79794e-10	-0.388819
2.79986e-10	-0.389355
2.80178e-10	-0.389883
2.8037e-10	-0.390403
2.80562e-10	-0.390914
2.80754e-10	-0.391416
2.80946e-10	-0.39191
2.81138e-10	-0.392395
2.8133e-10	-0.392872
2.81522e-10	-0.393339
2.81714e-10	-0.393798
2.81906e-10	-0.394248
2.82098e-10	-0.394689
2.8229e-10	-0.39512
2.82482e-10	-0.395543
2.82674e-10	-0.395957
2.82866e-10	-0.396361
2.83058e-10	-0.396756
2.8325e-10	-0.397142
2.83442e-10	-0.397518
2.83634e-10	-0.397885
2.83826e-10	-0.398243
2.84018e-10	-0.398591
2.8421e-10	-0.398929
2.84402e-10	-0.399258
2.84594e-10	-0.399577
2.84786e-10	-0.399886
2.84979e-10	-0.400186
2.85171e-10	-0.400476
2.85363e-10	-0.400756
2.85555e-10	-0.401026
2.85747e-10	-0.401285
2.85939e-10	-0.401535
2.86131e-10	-0.401775
2.86323e-10	-0.402005
2.86515e-10	-0.402224
2.86707e-10	-0.402433
2.86899e-10	-0.402632
2.87091e-10	-0.40282
2.87283e-10	-0.402998
2.87475e-10	-0.403166
2.87667e-10	-0.403323
2.87859e-10	-0.403469
2.88051e-10	-0.403605
2.88243e-10	-0.40373
2.88435e-10	-0.403845
2.88627e-10	-0.403948
2.88819e-10	-0.404041
2.89011e-10	-0.404123
2.89203e-10	-0.404194
2.89395e-10	-0.404254
2.89587e-10	-0.404304
2.89779e-10	-0.404342
2.89971e-10	-0.404369
2.90163e-10	-0.404384
2.90355e-10	-0.404389
2.90548e-10	-0.404382
2.9074e-10	-0.404364
2.90932e-10	-0.404335
2.91124e-10	-0.404294
2.91316e-10	-0.404242
2.91508e-10	-0.404178
2.917e-10	-0.404103
2.91892e-10	-0.404016
2.92084e-10	-0.403918
2.92276e-10	-0.403808
2.92468e-10	-0.403686
2.9266e-10	-0.403552
2.92852e-10	-0.403407
2.93044e-10	-0.40325
2.93236e-10	-0.40308
2.93428e-10	-0.402899
2.9362e-10	-0.402706
2.93812e-10	-0.402501
2.94004e-10	-0.402284
2.94196e-10	-0.402055
2.94388e-10	-0.401814
2.9458e-10	-0.40156
2.94772e-10	-0.401294
2.94964e-10	-0.401016
2.95156e-10	-0.400726
2.95348e-10	-0.400423
2.9554e-10	-0.400108
2.95732e-10	-0.39978
2.95924e-10	-0.39944
2.96116e-10	-0.399088
2.96309e-10	-0.398723
2.96501e-10	-0.398345
2.96693e-10	-0.397955
2.96885e-10	-0.397552
2.97077e-10	-0.397136
2.97269e-10	-0.396708
2.97461e-10	-0.396267
2.97653e-10	-0.395813
2.97845e-10	-0.395346
2.98037e-10	-0.394866
2.98229e-10	-0.394373
2.98421e-10	-0.393868
2.98613e-10	-0.393349
2.98805e-10	-0.392818
2.98997e-10	-0.392273
2.99189e-10	-0.391715
2.99381e-10	-0.391144
2.99573e-10	-0.39056
2.99765e-10	-0.389963
2.99957e-10	-0.389353
3.00149e-10	-0.388729
3.00341e-10	-0.388092
3.00533e-10	-0.387442
3.00725e-10	-0.386778
3.00917e-10	-0.386101
3.01109e-10	-0.385411
3.01301e-10	-0.384707
3.01493e-10	-0.383989
3.01685e-10	-0.383259
3.01878e-10	-0.382514
3.0207e-10	-0.381756
3.02262e-10	-0.380985
3.02454e-10	-0.3802
3.02646e-10	-0.379401
3.02838e-10	-0.378589
3.0303e-10	-0.377763
3.03222e-10	-0.376923
3.03414e-10	-0.37607
3.03606e-10	-0.375203
3.03798e-10	-0.374322
3.0399e-10	-0.373427
3.04182e-10	-0.372518
3.04374e-10	-0.371596
3.04566e-10	-0.37066
3.04758e-10	-0.36971
3.0495e-10	-0.368746
3.05142e-10	-0.367768
3.05334e-10	-0.366776
3.05526e-10	-0.36577
3.05718e-10	-0.36475
3.0591e-10	-0.363716
3.06102e-10	-0.362668
3.06294e-10	-0.361606
3.06486e-10	-0.36053
3.06678e-10	-0.35944
3.0687e-10	-0.358336
3.07062e-10	-0.357218
3.07254e-10	-0.356085
3.07447e-10	-0.354939
3.07639e-10	-0.353778
3.07831e-10	-0.352603
3.08023e-10	-0.351414
3.08215e-10	-0.350211
3.08407e-10	-0.348994
3.08599e-10	-0.347762
3.08791e-10	-0.346516
3.08983e-10	-0.345256
3.09175e-10	-0.343982
3.09367e-10	-0.342693
3.09559e-10	-0.34139
3.09751e-10	-0.340073
3.09943e-10	-0.338742
3.10135e-10	-0.337396
3.10327e-10	-0.336036
3.10519e-10	-0.334661
3.10711e-10	-0.333273
3.10903e-10	-0.33187
3.11095e-10	-0.330452
3.11287e-10	-0.329021
3.11479e-10	-0.327575
3.11671e-10	-0.326115
3.11863e-10	-0.32464
3.12055e-10	-0.323151
3.12247e-10	-0.321648
3.12439e-10	-0.32013
3.12631e-10	-0.318598
3.12823e-10	-0.317051
3.13015e-10	-0.315491
3.13208e-10	-0.313916
3.134e-10	-0.312326
3.13592e-10	-0.310722
3.13784e-10	-0.309104
3.13976e-10	-0.307472
3.14168e-10	-0.305825
3.1436e-10	-0.304164
3.14552e-10	-0.302488
3.14744e-10	-0.300799
3.14936e-10	-0.299094
3.15128e-10	-0.297376
3.1532e-10	-0.295643
3.15512e-10	-0.293896
3.15704e-10	-0.292135
3.15896e-10	-0.290359
3.16088e-10	-0.288569
3.1628e-10	-0.286765
3.16472e-10	-0.284947
3.16664e-10	-0.283114
3.16856e-10	-0.281267
3.17048e-10	-0.279406
3.1724e-10	-0.277531
3.17432e-10	-0.275641
3.17624e-10	-0.273737
3.17816e-10	-0.271819
3.18008e-10	-0.269887
3.182e-10	-0.267941
3.18392e-10	-0.265981
3.18584e-10	-0.264006
3.18777e-10	-0.262018
3.18969e-10	-0.260015
3.19161e-10	-0.257998
3.19353e-10	-0.255968
3.19545e-10	-0.253923
3.19737e-10	-0.251864
3.19929e-10	-0.249791
3.20121e-10	-0.247705
3.20313e-10	-0.245604
3.20505e-10	-0.24349
3.20697e-10	-0.241361
3.20889e-10	-0.239219
3.21081e-10	-0.237063
3.21273e-10	-0.234893
3.21465e-10	-0.232709
3.21657e-10	-0.230511
3.21849e-10	-0.2283
3.22041e-10	-0.226075
3.22233e-10	-0.223836
3.22425e-10	-0.221584
3.22617e-10	-0.219318
3.22809e-10	-0.217038
3.23001e-10	-0.214745
3.23193e-10	-0.212438
3.23385e-10	-0.210118
3.23577e-10	-0.207784
3.23769e-10	-0.205437
3.23961e-10	-0.203076
3.24153e-10	-0.200702
3.24345e-10	-0.198315
3.24538e-10	-0.195914
3.2473e-10	-0.1935
3.24922e-10	-0.191073
3.25114e-10	-0.188632
3.25306e-10	-0.186179
3.25498e-10	-0.183712
3.2569e-10	-0.181232
3.25882e-10	-0.178739
3.26074e-10	-0.176233
3.26266e-10	-0.173714
3.26458e-10	-0.171182
3.2665e-10	-0.168637
3.26842e-10	-0.166079
3.27034e-10	-0.163509
3.27226e-10	-0.160925
3.27418e-10	-0.158329
3.2761e-10	-0.155721
3.27802e-10	-0.153099
3.27994e-10	-0.150465
3.28186e-10	-0.147819
3.28378e-10	-0.14516
3.2857e-10	-0.142488
3.28762e-10	-0.139804
3.28954e-10	-0.137108
3.29146e-10	-0.134399
3.29338e-10	-0.131678
3.2953e-10	-0.128945
3.29722e-10	-0.1262
3.29914e-10	-0.123442
3.30107e-10	-0.120673
3.30299e-10	-0.117891
3.30491e-10	-0.115098
3.30683e-10	-0.112292
3.30875e-10	-0.109475
3.31067e-10	-0.106646
3.31259e-10	-0.103805
3.31451e-10	-0.100953
3.31643e-10	-0.0980886
3.31835e-10	-0.0952129
3.32027e-10	-0.0923256
3.32219e-10	-0.0894269
3.32411e-10	-0.0865167
3.32603e-10	-0.0835952
3.32795e-10	-0.0806624
3.32987e-10	-0.0777184
3.33179e-10	-0.0747632
3.33371e-10	-0.0717969
3.33563e-10	-0.0688195
3.33755e-10	-0.0658311
3.33947e-10	-0.0628319
3.34139e-10	-0.0598217
3.34331e-10	-0.0568008
3.34523e-10	-0.0537691
3.34715e-10	-0.0507268
3.34907e-10	-0.0476739
3.35099e-10	-0.0446104
3.35291e-10	-0.0415365
3.35483e-10	-0.0384521
3.35676e-10	-0.0353574
3.35868e-10	-0.0322525
3.3606e-10	-0.0291373
3.36252e-10	-0.0260121
3.36444e-10	-0.0228767
3.36636e-10	-0.0197314
3.36828e-10	-0.0165762
3.3702e-10	-0.0134111
3.37212e-10	-0.0102363
3.37404e-10	-0.0070517
3.37596e-10	-0.00385751
3.37788e-10	-0.000653776
3.3798e-10	0.00255944
3.38172e-10	0.00578207
3.38364e-10	0.00901402
3.38556e-10	0.0122552
3.38748e-10	0.0155056
3.3894e-10	0.0187651
3.39132e-10	0.0220336
3.39324e-10	0.0253111
3.39516e-10	0.0285974
3.39708e-10	0.0318925
3.399e-10	0.0351964
3.40092e-10	0.0385088
3.40284e-10	0.0418298
3.40476e-10	0.0451593
3.40668e-10	0.0484972
3.4086e-10	0.0518434
3.41052e-10	0.0551978
3.41244e-10	0.0585603
3.41437e-10	0.0619309
3.41629e-10	0.0653095
3.41821e-10	0.0686959
3.42013e-10	0.0720902
3.42205e-10	0.0754922
3.42397e-10	0.0789018
3.42589e-10	0.082319
3.42781e-10	0.0857437
3.42973e-10	0.0891757
3.43165e-10	0.092615
3.43357e-10	0.0960615
3.43549e-10	0.0995151
3.43741e-10	0.102976
3.43933e-10	0.106443
3.44125e-10	0.109918
3.44317e-10	0.113399
3.44509e-10	0.116887
3.44701e-10	0.120381
3.44893e-10	0.123882
3.45085e-10	0.127389
3.45277e-10	0.130903
3.45469e-10	0.134423
3.45661e-10	0.137949
3.45853e-10	0.141481
3.46045e-10	0.145018
3.46237e-10	0.148562
3.46429e-10	0.152112
3.46621e-10	0.155667
3.46813e-10	0.159227
3.47006e-10	0.162793
3.47198e-10	0.166365
3.4739e-10	0.169941
3.47582e-10	0.173523
3.47774e-10	0.17711
3.47966e-10	0.180702
3.48158e-10	0.184299
3.4835e-10	0.1879
3.48542e-10	0.191506
3.48734e-10	0.195117
3.48926e-10	0.198732
3.49118e-10	0.202352
3.4931e-10	0.205975
3.49502e-10	0.209603
3.49694e-10	0.213235
3.49886e-10	0.216871
3.50078e-10	0.220511
3.5027e-10	0.224155
3.50462e-10	0.227802
3.50654e-10	0.231453
3.50846e-10	0.235107
3.51038e-10	0.238765
3.5123e-10	0.242426
3.51422e-10	0.24609
3.51614e-10	0.249757
3.51806e-10	0.253427
3.51998e-10	0.2571
3.5219e-10	0.260775
3.52382e-10	0.264453
3.52574e-10	0.268134
3.52767e-10	0.271817
3.52959e-10	0.275502
3.53151e-10	0.27919
3.53343e-10	0.28288
3.53535e-10	0.286571
3.53727e-10	0.290265
3.53919e-10	0.29396
3.54111e-10	0.297657
3.54303e-10	0.301355
3.54495e-10	0.305055
3.54687e-10	0.308756
3.54879e-10	0.312459
3.55071e-10	0.316162
3.55263e-10	0.319867
3.55455e-10	0.323572
3.55647e-10	0.327278
3.55839e-10	0.330985
3.56031e-10	0.334692
3.56223e-10	0.3384
3.56415e-10	0.342108
3.56607e-10	0.345817
3.56799e-10	0.349525
3.56991e-10	0.353234
3.57183e-10	0.356942
3.57375e-10	0.36065
3.57567e-10	0.364358
3.57759e-10	0.368065
3.57951e-10	0.371772
3.58143e-10	0.375478
3.58336e-10	0.379184
3.58528e-10	0.382888
3.5872e-10	0.386592
3.58912e-10	0.390294
3.59104e-10	0.393995
3.59296e-10	0.397695
3.59488e-10	0.401393
3.5968e-10	0.40509
3.59872e-10	0.408785
3.60064e-10	0.412478
3.60256e-10	0.41617
3.60448e-10	0.419859
3.6064e-10	0.423546
3.60832e-10	0.427231
3.61024e-10	0.430913
3.61216e-10	0.434593
3.61408e-10	0.438271
3.616e-10	0.441945
3.61792e-10	0.445617
3.61984e-10	0.449286
3.62176e-10	0.452952
3.62368e-10	0.456614
3.6256e-10	0.460274
3.62752e-10	0.46393
3.62944e-10	0.467582
3.63136e-10	0.471231
3.63328e-10	0.474876
3.6352e-10	0.478517
3.63712e-10	0.482154
3.63905e-10	0.485787
3.64097e-10	0.489416
3.64289e-10	0.493041
3.64481e-10	0.496661
3.64673e-10	0.500276
3.64865e-10	0.503887
3.65057e-10	0.507493
3.65249e-10	0.511094
3.65441e-10	0.51469
3.65633e-10	0.518281
3.65825e-10	0.521867
3.66017e-10	0.525447
3.66209e-10	0.529022
3.66401e-10	0.532591
3.66593e-10	0.536154
3.66785e-10	0.539712
3.66977e-10	0.543264
3.67169e-10	0.546809
3.67361e-10	0.550349
3.67553e-10	0.553882
3.67745e-10	0.557409
3.67937e-10	0.560929
3.68129e-10	0.564443
3.68321e-10	0.56795
3.68513e-10	0.57145
3.68705e-10	0.574943
3.68897e-10	0.578429
3.69089e-10	0.581907
3.69281e-10	0.585379
3.69473e-10	0.588843
3.69666e-10	0.592299
3.69858e-10	0.595748
3.7005e-10	0.599189
3.70242e-10	0.602622
3.70434e-10	0.606047
3.70626e-10	0.609464
3.70818e-10	0.612873
3.7101e-10	0.616273
3.71202e-10	0.619665
3.71394e-10	0.623048
3.71586e-10	0.626423
3.71778e-10	0.629789
3.7197e-10	0.633146
3.72162e-10	0.636494
3.72354e-10	0.639833
3.72546e-10	0.643162
3.72738e-10	0.646482
3.7293e-10	0.649793
3.73122e-10	0.653094
3.73314e-10	0.656386
3.73506e-10	0.659668
3.73698e-10	0.66294
3.7389e-10	0.666201
3.74082e-10	0.669453
3.74274e-10	0.672695
3.74466e-10	0.675926
3.74658e-10	0.679146
3.7485e-10	0.682356
3.75042e-10	0.685556
3.75235e-10	0.688745
3.75427e-10	0.691922
3.75619e-10	0.695089
3.75811e-10	0.698245
3.76003e-10	0.701389
3.76195e-10	0.704523
3.76387e-10	0.707644
3.76579e-10	0.710755
3.76771e-10	0.713853
3.76963e-10	0.71694
3.77155e-10	0.720015
3.77347e-10	0.723078
3.77539e-10	0.726129
3.77731e-10	0.729168
3.77923e-10	0.732195
3.78115e-10	0.735209
3.78307e-10	0.738211
3.78499e-10	0.7412
3.78691e-10	0.744177
3.78883e-10	0.747141
3.79075e-10	0.750092
3.79267e-10	0.75303
3.79459e-10	0.755955
3.79651e-10	0.758866
3.79843e-10	0.761765
3.80035e-10	0.76465
3.80227e-10	0.767521
3.80419e-10	0.770379
3.80611e-10	0.773224
3.80804e-10	0.776054
3.80996e-10	0.778871
3.81188e-10	0.781674
3.8138e-10	0.784463
3.81572e-10	0.787237
3.81764e-10	0.789997
3.81956e-10	0.792743
3.82148e-10	0.795475
3.8234e-10	0.798192
3.82532e-10	0.800894
3.82724e-10	0.803582
3.82916e-10	0.806255
3.83108e-10	0.808912
3.833e-10	0.811555
3.83492e-10	0.814183
3.83684e-10	0.816796
3.83876e-10	0.819393
3.84068e-10	0.821975
3.8426e-10	0.824541
3.84452e-10	0.827092
3.84644e-10	0.829627
3.84836e-10	0.832147
3.85028e-10	0.834651
3.8522e-10	0.837138
3.85412e-10	0.83961
3.85604e-10	0.842066
3.85796e-10	0.844505
3.85988e-10	0.846929
3.8618e-10	0.849336
3.86372e-10	0.851726
3.86565e-10	0.8541
3.86757e-10	0.856458
3.86949e-10	0.858798
3.87141e-10	0.861122
3.87333e-10	0.86343
3.87525e-10	0.86572
3.87717e-10	0.867993
3.87909e-10	0.870249
3.88101e-10	0.872488
3.88293e-10	0.87471
3.88485e-10	0.876915
3.88677e-10	0.879102
3.88869e-10	0.881271
3.89061e-10	0.883424
3.89253e-10	0.885558
3.89445e-10	0.887675
3.89637e-10	0.889774
3.89829e-10	0.891855
3.90021e-10	0.893918
3.90213e-10	0.895963
3.90405e-10	0.89799
3.90597e-10	0.899999
3.90789e-10	0.90199
3.90981e-10	0.903963
3.91173e-10	0.905917
3.91365e-10	0.907853
3.91557e-10	0.90977
3.91749e-10	0.911669
3.91941e-10	0.913549
3.92134e-10	0.91541
3.92326e-10	0.917253
3.92518e-10	0.919077
3.9271e-10	0.920881
3.92902e-10	0.922667
3.93094e-10	0.924434
3.93286e-10	0.926182
3.93478e-10	0.927911
3.9367e-10	0.92962
3.93862e-10	0.931311
3.94054e-10	0.932982
3.94246e-10	0.934633
3.94438e-10	0.936265
3.9463e-10	0.937878
3.94822e-10	0.939471
3.95014e-10	0.941044
3.95206e-10	0.942598
3.95398e-10	0.944132
3.9559e-10	0.945646
3.95782e-10	0.94714
3.95974e-10	0.948615
3.96166e-10	0.950069
3.96358e-10	0.951504
3.9655e-10	0.952918
3.96742e-10	0.954313
3.96934e-10	0.955687
3.97126e-10	0.957041
3.97318e-10	0.958375
3.9751e-10	0.959688
3.97702e-10	0.960982
3.97895e-10	0.962254
3.98087e-10	0.963507
3.98279e-10	0.964739
3.98471e-10	0.96595
3.98663e-10	0.967141
3.98855e-10	0.968311
3.99047e-10	0.96946
3.99239e-10	0.970589
3.99431e-10	0.971697
3.99623e-10	0.972784
3.99815e-10	0.973851
4.00007e-10	0.974896
4.00199e-10	0.975921
4.00391e-10	0.976925
4.00583e-10	0.977908
4.00775e-10	0.97887
4.00967e-10	0.97981
4.01159e-10	0.98073
4.01351e-10	0.981629
4.01543e-10	0.982506
4.01735e-10	0.983363
4.01927e-10	0.984198
4.02119e-10	0.985012
4.02311e-10	0.985804
4.02503e-10	0.986576
4.02695e-10	0.987326
4.02887e-10	0.988055
4.03079e-10	0.988762
4.03271e-10	0.989448
4.03464e-10	0.990112
4.03656e-10	0.990756
4.03848e-10	0.991377
4.0404e-10	0.991977
4.04232e-10	0.992556
4.04424e-10	0.993113
4.04616e-10	0.993649
4.04808e-10	0.994163
4.05e-10	0.994655
4.05192e-10	0.995126
4.05384e-10	0.995575
4.05576e-10	0.996003
4.05768e-10	0.996409
4.0596e-10	0.996793
4.06152e-10	0.997156
4.06344e-10	0.997496
4.06536e-10	0.997816
4.06728e-10	0.998113
4.0692e-10	0.998389
4.07112e-10	0.998643
4.07304e-10	0.998875
4.07496e-10	0.999085
4.07688e-10	0.999274
4.0788e-10	0.999441
4.08072e-10	0.999586
4.08264e-10	0.99971
4.08456e-10	0.999811
4.08648e-10	0.999891
4.0884e-10	0.999949
4.09033e-10	0.999985
4.09225e-10	1
4.09417e-10	0.999992
4.09609e-10	0.999963
4.09801e-10	0.999912
4.09993e-10	0.999839
4.10185e-10	0.999745
4.10377e-10	0.999629
4.10569e-10	0.99949
4.10761e-10	0.999331
4.10953e-10	0.999149
4.11145e-10	0.998945
4.11337e-10	0.99872
4.11529e-10	0.998473
4.11721e-10	0.998205
4.11913e-10	0.997914
4.12105e-10	0.997602
4.12297e-10	0.997268
4.12489e-10	0.996913
4.12681e-10	0.996535
4.12873e-10	0.996136
4.13065e-10	0.995716
4.13257e-10	0.995274
4.13449e-10	0.99481
4.13641e-10	0.994324
4.13833e-10	0.993817
4.14025e-10	0.993289
4.14217e-10	0.992738
4.14409e-10	0.992167
4.14601e-10	0.991574
4.14794e-10	0.990959
4.14986e-10	0.990323
4.15178e-10	0.989665
4.1537e-10	0.988986
4.15562e-10	0.988285
4.15754e-10	0.987564
4.15946e-10	0.98682
4.16138e-10	0.986056
4.1633e-10	0.98527
4.16522e-10	0.984463
4.16714e-10	0.983635
4.16906e-10	0.982785
4.17098e-10	0.981915
4.1729e-10	0.981023
4.17482e-10	0.98011
4.17674e-10	0.979176
4.17866e-10	0.978221
4.18058e-10	0.977245
4.1825e-10	0.976248
4.18442e-10	0.97523
4.18634e-10	0.974191
4.18826e-10	0.973131
4.19018e-10	0.972051
4.1921e-10	0.970949
4.19402e-10	0.969827
4.19594e-10	0.968684
4.19786e-10	0.967521
4.19978e-10	0.966337
4.2017e-10	0.965132
4.20363e-10	0.963907
4.20555e-10	0.962661
4.20747e-10	0.961395
4.20939e-10	0.960109
4.21131e-10	0.958802
4.21323e-10	0.957474
4.21515e-10	0.956127
4.21707e-10	0.954759
4.21899e-10	0.953371
4.22091e-10	0.951963
4.22283e-10	0.950535
4.22475e-10	0.949087
4.22667e-10	0.947619
4.22859e-10	0.946131
4.23051e-10	0.944623
4.23243e-10	0.943096
4.23435e-10	0.941548
4.23627e-10	0.939981
4.23819e-10	0.938395
4.24011e-10	0.936788
4.24203e-10	0.935163
4.24395e-10	0.933517
4.24587e-10	0.931853
4.24779e-10	0.930169
4.24971e-10	0.928465
4.25163e-10	0.926743
4.25355e-10	0.925001
4.25547e-10	0.92324
4.25739e-10	0.921461
4.25932e-10	0.919662
4.26124e-10	0.917844
4.26316e-10	0.916008
4.26508e-10	0.914152
4.267e-10	0.912278
4.26892e-10	0.910385
4.27084e-10	0.908474
4.27276e-10	0.906544
4.27468e-10	0.904596
4.2766e-10	0.90263
4.27852e-10	0.900645
4.28044e-10	0.898642
4.28236e-10	0.89662
4.28428e-10	0.894581
4.2862e-10	0.892524
4.28812e-10	0.890448
4.29004e-10	0.888355
4.29196e-10	0.886244
4.29388e-10	0.884115
4.2958e-10	0.881969
4.29772e-10	0.879805
4.29964e-10	0.877623
4.30156e-10	0.875425
4.30348e-10	0.873208
4.3054e-10	0.870975
4.30732e-10	0.868724
4.30924e-10	0.866456
4.31116e-10	0.864172
4.31308e-10	0.86187
4.315e-10	0.859551
4.31693e-10	0.857216
4.31885e-10	0.854864
4.32077e-10	0.852495
4.32269e-10	0.85011
4.32461e-10	0.847708
4.32653e-10	0.84529
4.32845e-10	0.842856
4.33037e-10	0.840405
4.33229e-10	0.837939
4.33421e-10	0.835456
4.33613e-10	0.832958
4.33805e-10	0.830443
4.33997e-10	0.827913
4.34189e-10	0.825367
4.34381e-10	0.822806
4.34573e-10	0.820229
4.34765e-10	0.817636
4.34957e-10	0.815029
4.35149e-10	0.812406
4.35341e-10	0.809768
4.35533e-10	0.807115
4.35725e-10	0.804447
4.35917e-10	0.801764
4.36109e-10	0.799067
4.36301e-10	0.796354
4.36493e-10	0.793628
4.36685e-10	0.790886
4.36877e-10	0.788131
4.37069e-10	0.785361
4.37262e-10	0.782577
4.37454e-10	0.779778
4.37646e-10	0.776966
4.37838e-10	0.77414
4.3803e-10	0.7713
4.38222e-10	0.768446
4.38414e-10	0.765579
4.38606e-10	0.762698
4.38798e-10	0.759804
4.3899e-10	0.756897
4.39182e-10	0.753976
4.39374e-10	0.751042
4.39566e-10	0.748096
4.39758e-10	0.745136
4.3995e-10	0.742163
4.40142e-10	0.739178
4.40334e-10	0.736181
4.40526e-10	0.73317
4.40718e-10	0.730148
4.4091e-10	0.727113
4.41102e-10	0.724065
4.41294e-10	0.721006
4.41486e-10	0.717935
4.41678e-10	0.714852
4.4187e-10	0.711757
4.42062e-10	0.708651
4.42254e-10	0.705533
4.42446e-10	0.702403
4.42638e-10	0.699262
4.4283e-10	0.69611
4.43023e-10	0.692947
4.43215e-10	0.689773
4.43407e-10	0.686587
4.43599e-10	0.683391
4.43791e-10	0.680185
4.43983e-10	0.676968
4.44175e-10	0.67374
4.44367e-10	0.670502
4.44559e-10	0.667253
4.44751e-10	0.663995
4.44943e-10	0.660726
4.45135e-10	0.657447
4.45327e-10	0.654159
4.45519e-10	0.650861
4.45711e-10	0.647553
4.45903e-10	0.644236
4.46095e-10	0.640909
4.46287e-10	0.637574
4.46479e-10	0.634229
4.46671e-10	0.630875
4.46863e-10	0.627512
4.47055e-10	0.62414
4.47247e-10	0.620759
4.47439e-10	0.61737
4.47631e-10	0.613972
4.47823e-10	0.610566
4.48015e-10	0.607152
4.48207e-10	0.603729
4.48399e-10	0.600299
4.48592e-10	0.596861
4.48784e-10	0.593414
4.48976e-10	0.58996
4.49168e-10	0.586499
4.4936e-10	0.58303
4.49552e-10	0.579553
4.49744e-10	0.57607
4.49936e-10	0.572579
4.50128e-10	0.569081
4.5032e-10	0.565577
4.50512e-10	0.562065
4.50704e-10	0.558547
4.50896e-10	0.555022
4.51088e-10	0.551491
4.5128e-10	0.547954
4.51472e-10	0.54441
4.51664e-10	0.54086
4.51856e-10	0.537305
4.52048e-10	0.533743
4.5224e-10	0.530176
4.52432e-10	0.526603
4.52624e-10	0.523024
4.52816e-10	0.51944
4.53008e-10	0.515851
4.532e-10	0.512257
4.53392e-10	0.508657
4.53584e-10	0.505053
4.53776e-10	0.501443
4.53968e-10	0.497829
4.54161e-10	0.494211
4.54353e-10	0.490588
4.54545e-10	0.48696
4.54737e-10	0.483329
4.54929e-10	0.479693
4.55121e-10	0.476053
4.55313e-10	0.472409
4.55505e-10	0.468762
4.55697e-10	0.46511
4.55889e-10	0.461456
4.56081e-10	0.457797
4.56273e-10	0.454136
4.56465e-10	0.450471
4.56657e-10	0.446803
4.56849e-10	0.443132
4.57041e-10	0.439458
4.57233e-10	0.435782
4.57425e-10	0.432103
4.57617e-10	0.428421
4.57809e-10	0.424737
4.58001e-10	0.42105
4.58193e-10	0.417362
4.58385e-10	0.413671
4.58577e-10	0.409979
4.58769e-10	0.406284
4.58961e-10	0.402588
4.59153e-10	0.39889
4.59345e-10	0.395191
4.59537e-10	0.39149
4.59729e-10	0.387788
4.59922e-10	0.384085
4.60114e-10	0.380381
4.60306e-10	0.376676
4.60498e-10	0.37297
4.6069e-10	0.369263
4.60882e-10	0.365556
4.61074e-10	0.361848
4.61266e-10	0.35814
4.61458e-10	0.354432
4.6165e-10	0.350724
4.61842e-10	0.347015
4.62034e-10	0.343307
4.62226e-10	0.339598
4.62418e-10	0.33589
4.6261e-10	0.332183
4.62802e-10	0.328476
4.62994e-10	0.324769
4.63186e-10	0.321064
4.63378e-10	0.317359
4.6357e-10	0.313655
4.63762e-10	0.309952
4.63954e-10	0.306251
4.64146e-10	0.30255
4.64338e-10	0.298852
4.6453e-10	0.295154
4.64722e-10	0.291458
4.64914e-10	0.287764
4.65106e-10	0.284072
4.65298e-10	0.280382
4.65491e-10	0.276694
4.65683e-10	0.273008
4.65875e-10	0.269324
4.66067e-10	0.265642
4.66259e-10	0.261963
4.66451e-10	0.258287
4.66643e-10	0.254613
4.66835e-10	0.250942
4.67027e-10	0.247274
4.67219e-10	0.243609
4.67411e-10	0.239947
4.67603e-10	0.236289
4.67795e-10	0.232633
4.67987e-10	0.228981
4.68179e-10	0.225333
4.68371e-10	0.221688
4.68563e-10	0.218047
4.68755e-10	0.21441
4.68947e-10	0.210777
4.69139e-10	0.207147
4.69331e-10	0.203522
4.69523e-10	0.199901
4.69715e-10	0.196285
4.69907e-10	0.192672
4.70099e-10	0.189065
4.70291e-10	0.185462
4.70483e-10	0.181864
4.70675e-10	0.17827
4.70867e-10	0.174682
4.7106e-10	0.171098
4.71252e-10	0.16752
4.71444e-10	0.163947
4.71636e-10	0.160379
4.71828e-10	0.156817
4.7202e-10	0.15326
4.72212e-10	0.149708
4.72404e-10	0.146163
4.72596e-10	0.142623
4.72788e-10	0.139089
4.7298e-10	0.135561
4.73172e-10	0.13204
4.73364e-10	0.128524
4.73556e-10	0.125015
4.73748e-10	0.121512
4.7394e-10	0.118015
4.74132e-10	0.114525
4.74324e-10	0.111042
4.74516e-10	0.107565
4.74708e-10	0.104095
4.749e-10	0.100633
4.75092e-10	0.0971767
4.75284e-10	0.0937279
4.75476e-10	0.0902862
4.75668e-10	0.0868519
4.7586e-10	0.0834248
4.76052e-10	0.0800052
4.76244e-10	0.0765931
4.76436e-10	0.0731887
4.76628e-10	0.0697919
4.76821e-10	0.0664029
4.77013e-10	0.0630217
4.77205e-10	0.0596486
4.77397e-10	0.0562834
4.77589e-10	0.0529264
4.77781e-10	0.0495775
4.77973e-10	0.046237
4.78165e-10	0.0429048
4.78357e-10	0.039581
4.78549e-10	0.0362658
4.78741e-10	0.0329591
4.78933e-10	0.0296612
4.79125e-10	0.026372
4.79317e-10	0.0230917
4.79509e-10	0.0198203
4.79701e-10	0.0165579
4.79893e-10	0.0133045
4.80085e-10	0.0100603
4.80277e-10	0.00682539
4.80469e-10	0.00359974
4.80661e-10	0.000383478
4.80853e-10	-0.00282333
4.81045e-10	-0.00602061
4.81237e-10	-0.00920828
4.81429e-10	-0.0123863
4.81621e-10	-0.0155545
4.81813e-10	-0.018713
4.82005e-10	-0.0218615
4.82197e-10	-0.025
4.8239e-10	-0.0281286
4.82582e-10	-0.031247
4.82774e-10	-0.0343552
4.82966e-10	-0.0374533
4.83158e-10	-0.0405409
4.8335e-10	-0.0436183
4.83542e-10	-0.0466851
4.83734e-10	-0.0497415
4.83926e-10	-0.0527872
4.84118e-10	-0.0558224
4.8431e-10	-0.0588468
4.84502e-10	-0.0618604
4.84694e-10	-0.0648632
4.84886e-10	-0.0678551
4.85078e-10	-0.070836
4.8527e-10	-0.0738059
4.85462e-10	-0.0767647
4.85654e-10	-0.0797123
4.85846e-10	-0.0826488
4.86038e-10	-0.0855739
4.8623e-10	-0.0884878
4.86422e-10	-0.0913902
4.86614e-10	-0.0942812
4.86806e-10	-0.0971607
4.86998e-10	-0.100029
4.8719e-10	-0.102885
4.87382e-10	-0.105729
4.87574e-10	-0.108562
4.87766e-10	-0.111383
4.87958e-10	-0.114193
4.88151e-10	-0.11699
4.88343e-10	-0.119775
4.88535e-10	-0.122549
4.88727e-10	-0.12531
4.88919e-10	-0.128059
4.89111e-10	-0.130797
4.89303e-10	-0.133521
4.89495e-10	-0.136234
4.89687e-10	-0.138934
4.89879e-10	-0.141622
4.90071e-10	-0.144298
4.90263e-10	-0.146961
4.90455e-10	-0.149612
4.90647e-10	-0.15225
4.90839e-10	-0.154875
4.91031e-10	-0.157488
4.91223e-10	-0.160088
4.91415e-10	-0.162675
4.91607e-10	-0.16525
4.91799e-10	-0.167812
4.91991e-10	-0.170361
4.92183e-10	-0.172897
4.92375e-10	-0.17542
4.92567e-10	-0.17793
4.92759e-10	-0.180428
4.92951e-10	-0.182912
4.93143e-10	-0.185383
4.93335e-10	-0.187841
4.93527e-10	-0.190286
4.9372e-10	-0.192717
4.93912e-10	-0.195135
4.94104e-10	-0.19754
4.94296e-10	-0.199932
4.94488e-10	-0.20231
4.9468e-10	-0.204675
4.94872e-10	-0.207027
4.95064e-10	-0.209365
4.95256e-10	-0.21169
4.95448e-10	-0.214001
4.9564e-10	-0.216299
4.95832e-10	-0.218583
4.96024e-10	-0.220853
4.96216e-10	-0.22311
4.96408e-10	-0.225353
4.966e-10	-0.227582
4.96792e-10	-0.229798
4.96984e-10	-0.232
4.97176e-10	-0.234189
4.97368e-10	-0.236363
4.9756e-10	-0.238524
4.97752e-10	-0.24067
4.97944e-10	-0.242803
4.98136e-10	-0.244922
4.98328e-10	-0.247028
4.9852e-10	-0.249119
4.98712e-10	-0.251196
4.98904e-10	-0.253259
4.99096e-10	-0.255309
4.99289e-10	-0.257344
4.99481e-10	-0.259365
4.99673e-10	-0.261372
4.99865e-10	-0.263365
5.00057e-10	-0.265344
5.00249e-10	-0.267309
5.00441e-10	-0.26926
5.00633e-10	-0.271197
5.00825e-10	-0.273119
5.01017e-10	-0.275027
5.01209e-10	-0.276922
5.01401e-10	-0.278801
5.01593e-10	-0.280667
5.01785e-10	-0.282519
5.01977e-10	-0.284356
5.02169e-10	-0.286179
5.02361e-10	-0.287988
5.02553e-10	-0.289782
5.02745e-10	-0.291563
5.02937e-10	-0.293329
5.03129e-10	-0.29508
5.03321e-10	-0.296818
5.03513e-10	-0.298541
5.03705e-10	-0.300249
5.03897e-10	-0.301944
5.04089e-10	-0.303624
5.04281e-10	-0.30529
5.04473e-10	-0.306941
5.04665e-10	-0.308578
5.04857e-10	-0.310201
5.0505e-10	-0.311809
5.05242e-10	-0.313404
5.05434e-10	-0.314983
5.05626e-10	-0.316549
5.05818e-10	-0.3181
5.0601e-10	-0.319636
5.06202e-10	-0.321159
5.06394e-10	-0.322667
5.06586e-10	-0.32416
5.06778e-10	-0.32564
5.0697e-10	-0.327105
5.07162e-10	-0.328555
5.07354e-10	-0.329991
5.07546e-10	-0.331413
5.07738e-10	-0.332821
5.0793e-10	-0.334214
5.08122e-10	-0.335593
5.08314e-10	-0.336958
5.08506e-10	-0.338308
5.08698e-10	-0.339644
5.0889e-10	-0.340966
5.09082e-10	-0.342274
5.09274e-10	-0.343567
5.09466e-10	-0.344846
5.09658e-10	-0.34611
5.0985e-10	-0.347361
5.10042e-10	-0.348597
5.10234e-10	-0.349819
5.10426e-10	-0.351027
5.10619e-10	-0.352221
5.10811e-10	-0.3534
5.11003e-10	-0.354565
5.11195e-10	-0.355716
5.11387e-10	-0.356853
5.11579e-10	-0.357976
5.11771e-10	-0.359085
5.11963e-10	-0.36018
5.12155e-10	-0.36126
5.12347e-10	-0.362327
5.12539e-10	-0.363379
5.12731e-10	-0.364417
5.12923e-10	-0.365442
5.13115e-10	-0.366452
5.13307e-10	-0.367449
5.13499e-10	-0.368431
5.13691e-10	-0.3694
5.13883e-10	-0.370354
5.14075e-10	-0.371295
5.14267e-10	-0.372222
5.14459e-10	-0.373135
5.14651e-10	-0.374034
5.14843e-10	-0.37492
5.15035e-10	-0.375791
5.15227e-10	-0.376649
5.15419e-10	-0.377493
5.15611e-10	-0.378324
5.15803e-10	-0.37914
5.15995e-10	-0.379943
5.16188e-10	-0.380733
5.1638e-10	-0.381509
5.16572e-10	-0.382271
5.16764e-10	-0.38302
5.16956e-10	-0.383755
5.17148e-10	-0.384476
5.1734e-10	-0.385185
5.17532e-10	-0.385879
5.17724e-10	-0.386561
5.17916e-10	-0.387229
5.18108e-10	-0.387883
5.183e-10	-0.388524
5.18492e-10	-0.389152
5.18684e-10	-0.389767
5.18876e-10	-0.390369
5.19068e-10	-0.390957
5.1926e-10	-0.391532
5.19452e-10	-0.392094
5.19644e-10	-0.392643
5.19836e-10	-0.393179
5.20028e-10	-0.393702
5.2022e-10	-0.394211
5.20412e-10	-0.394708
5.20604e-10	-0.395192
5.20796e-10	-0.395663
5.20988e-10	-0.396121
5.2118e-10	-0.396567
5.21372e-10	-0.396999
5.21564e-10	-0.397419
5.21756e-10	-0.397826
5.21949e-10	-0.39822
5.22141e-10	-0.398602
5.22333e-10	-0.398971
5.22525e-10	-0.399328
5.22717e-10	-0.399672
5.22909e-10	-0.400004
5.23101e-10	-0.400323
5.23293e-10	-0.400629
5.23485e-10	-0.400924
5.23677e-10	-0.401206
5.23869e-10	-0.401476
5.24061e-10	-0.401733
5.24253e-10	-0.401978
5.24445e-10	-0.402211
5.24637e-10	-0.402433
5.24829e-10	-0.402641
5.25021e-10	-0.402838
5.25213e-10	-0.403023
5.25405e-10	-0.403196
5.25597e-10	-0.403357
5.25789e-10	-0.403507
5.25981e-10	-0.403644
5.26173e-10	-0.403769
5.26365e-10	-0.403883
5.26557e-10	-0.403986
5.26749e-10	-0.404076
5.26941e-10	-0.404155
5.27133e-10	-0.404222
5.27325e-10	-0.404278
5.27518e-10	-0.404323
5.2771e-10	-0.404356
5.27902e-10	-0.404378
5.28094e-10	-0.404388
5.28286e-10	-0.404387
5.28478e-10	-0.404375
5.2867e-10	-0.404352
5.28862e-10	-0.404317
5.29054e-10	-0.404272
5.29246e-10	-0.404215
5.29438e-10	-0.404147
5.2963e-10	-0.404069
5.29822e-10	-0.40398
5.30014e-10	-0.403879
5.30206e-10	-0.403769
5.30398e-10	-0.403647
5.3059e-10	-0.403514
5.30782e-10	-0.403371
5.30974e-10	-0.403218
5.31166e-10	-0.403054
5.31358e-10	-0.402879
5.3155e-10	-0.402694
5.31742e-10	-0.402498
5.31934e-10	-0.402293
5.32126e-10	-0.402077
5.32318e-10	-0.40185
5.3251e-10	-0.401614
5.32702e-10	-0.401367
5.32894e-10	-0.401111
5.33086e-10	-0.400844
5.33279e-10	-0.400567
5.33471e-10	-0.400281
5.33663e-10	-0.399984
5.33855e-10	-0.399678
5.34047e-10	-0.399362
5.34239e-10	-0.399036
5.34431e-10	-0.398701
5.34623e-10	-0.398356
5.34815e-10	-0.398002
5.35007e-10	-0.397638
5.35199e-10	-0.397264
5.35391e-10	-0.396882
5.35583e-10	-0.39649
5.35775e-10	-0.396088
5.35967e-10	-0.395678
5.36159e-10	-0.395258
5.36351e-10	-0.394829
5.36543e-10	-0.394391
5.36735e-10	-0.393944
5.36927e-10	-0.393488
5.37119e-10	-0.393024
5.37311e-10	-0.39255
5.37503e-10	-0.392068
5.37695e-10	-0.391577
5.37887e-10	-0.391077
5.38079e-10	-0.390569
5.38271e-10	-0.390052
5.38463e-10	-0.389527
5.38655e-10	-0.388993
5.38848e-10	-0.388451
5.3904e-10	-0.387901
5.39232e-10	-0.387342
5.39424e-10	-0.386775
5.39616e-10	-0.3862
5.39808e-10	-0.385617
5.4e-10	-0.385025
5.40192e-10	-0.384426
5.40384e-10	-0.383819
5.40576e-10	-0.383204
5.40768e-10	-0.382581
5.4096e-10	-0.381951
5.41152e-10	-0.381312
5.41344e-10	-0.380666
5.41536e-10	-0.380013
5.41728e-10	-0.379352
5.4192e-10	-0.378683
5.42112e-10	-0.378008
5.42304e-10	-0.377324
5.42496e-10	-0.376634
5.42688e-10	-0.375936
5.4288e-10	-0.375231
5.43072e-10	-0.374519
5.43264e-10	-0.3738
5.43456e-10	-0.373073
5.43648e-10	-0.37234
5.4384e-10	-0.3716
5.44032e-10	-0.370853
5.44224e-10	-0.3701
5.44417e-10	-0.369339
5.44609e-10	-0.368572
5.44801e-10	-0.367799
5.44993e-10	-0.367019
5.45185e-10	-0.366232
5.45377e-10	-0.365439
5.45569e-10	-0.364639
5.45761e-10	-0.363833
5.45953e-10	-0.363021
5.46145e-10	-0.362203
5.46337e-10	-0.361379
5.46529e-10	-0.360548
5.46721e-10	-0.359712
5.46913e-10	-0.358869
5.47105e-10	-0.358021
5.47297e-10	-0.357167
5.47489e-10	-0.356306
5.47681e-10	-0.355441
5.47873e-10	-0.354569
5.48065e-10	-0.353692
5.48257e-10	-0.352809
5.48449e-10	-0.351921
5.48641e-10	-0.351027
5.48833e-10	-0.350128
5.49025e-10	-0.349224
5.49217e-10	-0.348314
5.49409e-10	-0.347399
5.49601e-10	-0.346479
5.49793e-10	-0.345554
5.49985e-10	-0.344624
5.50178e-10	-0.343689
5.5037e-10	-0.342748
5.50562e-10	-0.341803
5.50754e-10	-0.340853
5.50946e-10	-0.339899
5.51138e-10	-0.338939
5.5133e-10	-0.337975
5.51522e-10	-0.337006
5.51714e-10	-0.336033
5.51906e-10	-0.335055
5.52098e-10	-0.334073
5.5229e-10	-0.333087
5.52482e-10	-0.332096
5.52674e-10	-0.331101
5.52866e-10	-0.330101
5.53058e-10	-0.329098
5.5325e-10	-0.32809
5.53442e-10	-0.327079
5.53634e-10	-0.326063
5.53826e-10	-0.325043
5.54018e-10	-0.32402
5.5421e-10	-0.322993
5.54402e-10	-0.321961
5.54594e-10	-0.320927
5.54786e-10	-0.319888
5.54978e-10	-0.318846
5.5517e-10	-0.3178
5.55362e-10	-0.316751
5.55554e-10	-0.315699
5.55747e-10	-0.314643
5.55939e-10	-0.313583
5.56131e-10	-0.312521
5.56323e-10	-0.311455
5.56515e-10	-0.310386
5.56707e-10	-0.309314
5.56899e-10	-0.308239
5.57091e-10	-0.30716
5.57283e-10	-0.306079
5.57475e-10	-0.304995
5.57667e-10	-0.303908
5.57859e-10	-0.302818
5.58051e-10	-0.301726
5.58243e-10	-0.300631
5.58435e-10	-0.299533
5.58627e-10	-0.298432
5.58819e-10	-0.297329
5.59011e-10	-0.296224
5.59203e-10	-0.295116
5.59395e-10	-0.294005
5.59587e-10	-0.292893
5.59779e-10	-0.291778
5.59971e-10	-0.29066
5.60163e-10	-0.289541
5.60355e-10	-0.288419
5.60547e-10	-0.287296
5.60739e-10	-0.28617
5.60931e-10	-0.285042
5.61123e-10	-0.283913
5.61316e-10	-0.282781
5.61508e-10	-0.281648
5.617e-10	-0.280513
5.61892e-10	-0.279376
5.62084e-10	-0.278237
5.62276e-10	-0.277097
5.62468e-10	-0.275955
5.6266e-10	-0.274812
5.62852e-10	-0.273667
5.63044e-10	-0.272521
5.63236e-10	-0.271373
5.63428e-10	-0.270224
5.6362e-10	-0.269073
5.63812e-10	-0.267922
5.64004e-10	-0.266769
5.64196e-10	-0.265615
5.64388e-10	-0.26446
5.6458e-10	-0.263303
5.64772e-10	-0.262146
5.64964e-10	-0.260988
5.65156e-10	-0.259829
5.65348e-10	-0.258669
5.6554e-10	-0.257508
5.65732e-10	-0.256346
5.65924e-10	-0.255183
5.66116e-10	-0.25402
5.66308e-10	-0.252856
5.665e-10	-0.251692
5.66692e-10	-0.250527
5.66884e-10	-0.249361
5.67077e-10	-0.248195
5.67269e-10	-0.247029
5.67461e-10	-0.245862
5.67653e-10	-0.244694
5.67845e-10	-0.243527
5.68037e-10	-0.242359
5.68229e-10	-0.241191
5.68421e-10	-0.240022
5.68613e-10	-0.238854
5.68805e-10	-0.237685
5.68997e-10	-0.236517
5.69189e-10	-0.235348
5.69381e-10	-0.23418
5.69573e-10	-0.233011
5.69765e-10	-0.231843
5.69957e-10	-0.230674
5.70149e-10	-0.229506
5.70341e-10	-0.228338
5.70533e-10	-0.227171
5.70725e-10	-0.226003
5.70917e-10	-0.224836
5.71109e-10	-0.22367
5.71301e-10	-0.222504
5.71493e-10	-0.221338
5.71685e-10	-0.220173
5.71877e-10	-0.219008
5.72069e-10	-0.217844
5.72261e-10	-0.21668
5.72453e-10	-0.215517
5.72646e-10	-0.214355
5.72838e-10	-0.213194
5.7303e-10	-0.212033
5.73222e-10	-0.210873
5.73414e-10	-0.209714
5.73606e-10	-0.208556
5.73798e-10	-0.207399
5.7399e-10	-0.206243
5.74182e-10	-0.205087
5.74374e-10	-0.203933
5.74566e-10	-0.20278
5.74758e-10	-0.201627
5.7495e-10	-0.200476
5.75142e-10	-0.199326
5.75334e-10	-0.198178
5.75526e-10	-0.19703
5.75718e-10	-0.195884
5.7591e-10	-0.194739
5.76102e-10	-0.193595
5.76294e-10	-0.192453
5.76486e-10	-0.191312
5.76678e-10	-0.190173
5.7687e-10	-0.189035
5.77062e-10	-0.187898
5.77254e-10	-0.186763
5.77446e-10	-0.18563
5.77638e-10	-0.184498
5.7783e-10	-0.183368
5.78022e-10	-0.182239
5.78214e-10	-0.181112
5.78407e-10	-0.179987
5.78599e-10	-0.178863
5.78791e-10	-0.177742
5.78983e-10	-0.176622
5.79175e-10	-0.175504
5.79367e-10	-0.174387
5.79559e-10	-0.173273
5.79751e-10	-0.17216
5.79943e-10	-0.17105
5.80135e-10	-0.169941
5.80327e-10	-0.168835
5.80519e-10	-0.16773
5.80711e-10	-0.166628
5.80903e-10	-0.165527
5.81095e-10	-0.164429
5.81287e-10	-0.163333
5.81479e-10	-0.162238
5.81671e-10	-0.161147
5.81863e-10	-0.160057
5.82055e-10	-0.15897
5.82247e-10	-0.157884
5.82439e-10	-0.156801
5.82631e-10	-0.155721
5.82823e-10	-0.154643
5.83015e-10	-0.153567
5.83207e-10	-0.152493
5.83399e-10	-0.151422
5.83591e-10	-0.150354
5.83783e-10	-0.149287
5.83976e-10	-0.148224
5.84168e-10	-0.147163
5.8436e-10	-0.146104
5.84552e-10	-0.145048
5.84744e-10	-0.143994
5.84936e-10	-0.142943
5.85128e-10	-0.141895
5.8532e-10	-0.140849
5.85512e-10	-0.139806
5.85704e-10	-0.138766
5.85896e-10	-0.137728
5.86088e-10	-0.136693
5.8628e-10	-0.135661
5.86472e-10	-0.134632
5.86664e-10	-0.133605
5.86856e-10	-0.132581
5.87048e-10	-0.13156
5.8724e-10	-0.130542
5.87432e-10	-0.129527
5.87624e-10	-0.128514
5.87816e-10	-0.127505
5.88008e-10	-0.126498
5.882e-10	-0.125494
5.88392e-10	-0.124494
5.88584e-10	-0.123496
5.88776e-10	-0.122501
5.88968e-10	-0.121509
5.8916e-10	-0.120521
5.89352e-10	-0.119535
5.89545e-10	-0.118552
5.89737e-10	-0.117573
5.89929e-10	-0.116596
5.90121e-10	-0.115623
5.90313e-10	-0.114653
5.90505e-10	-0.113686
5.90697e-10	-0.112722
5.90889e-10	-0.111761
5.91081e-10	-0.110804
5.91273e-10	-0.109849
5.91465e-10	-0.108898
5.91657e-10	-0.10795
5.91849e-10	-0.107005
5.92041e-10	-0.106064
5.92233e-10	-0.105126
5.92425e-10	-0.104191
5.92617e-10	-0.103259
5.92809e-10	-0.102331
5.93001e-10	-0.101406
5.93193e-10	-0.100485
5.93385e-10	-0.0995663
5.93577e-10	-0.0986513
5.93769e-10	-0.0977398
5.93961e-10	-0.0968316
5.94153e-10	-0.0959269
5.94345e-10	-0.0950255
5.94537e-10	-0.0941275
5.94729e-10	-0.093233
5.94921e-10	-0.0923419
5.95113e-10	-0.0914543
5.95306e-10	-0.0905701
5.95498e-10	-0.0896894
5.9569e-10	-0.0888121
5.95882e-10	-0.0879384
5.96074e-10	-0.0870681
5.96266e-10	-0.0862014
5.96458e-10	-0.0853381
5.9665e-10	-0.0844784
5.96842e-10	-0.0836222
5.97034e-10	-0.0827696
5.97226e-10	-0.0819205
5.97418e-10	-0.0810749
5.9761e-10	-0.0802329
5.97802e-10	-0.0793945
5.97994e-10	-0.0785597
5.98186e-10	-0.0777284
5.98378e-10	-0.0769008
5.9857e-10	-0.0760767
5.98762e-10	-0.0752563
5.98954e-10	-0.0744394
5.99146e-10	-0.0736262
5.99338e-10	-0.0728166
5.9953e-10	-0.0720107
5.99722e-10	-0.0712083
5.99914e-10	-0.0704096
6.00106e-10	-0.0696146
6.00298e-10	-0.0688232
6.0049e-10	-0.0680355
6.00682e-10	-0.0672514
6.00875e-10	-0.066471
6.01067e-10	-0.0656942
6.01259e-10	-0.0649212
6.01451e-10	-0.0641518
6.01643e-10	-0.0633861
6.01835e-10	-0.062624
6.02027e-10	-0.0618657
6.02219e-10	-0.0611111
6.02411e-10	-0.0603601
6.02603e-10	-0.0596129
6.02795e-10	-0.0588693
6.02987e-10	-0.0581295
6.03179e-10	-0.0573933
6.03371e-10	-0.0566609
6.03563e-10	-0.0559321
6.03755e-10	-0.0552071
6.03947e-10	-0.0544858
6.04139e-10	-0.0537682
6.04331e-10	-0.0530544
6.04523e-10	-0.0523442
6.04715e-10	-0.0516378
6.04907e-10	-0.050935
6.05099e-10	-0.050236
6.05291e-10	-0.0495407
6.05483e-10	-0.0488492
6.05675e-10	-0.0481613
6.05867e-10	-0.0474772
6.06059e-10	-0.0467968
6.06251e-10	-0.0461201
6.06444e-10	-0.0454472
6.06636e-10	-0.0447779
6.06828e-10	-0.0441124
6.0702e-10	-0.0434506
6.07212e-10	-0.0427925
6.07404e-10	-0.0421381
6.07596e-10	-0.0414875
6.07788e-10	-0.0408405
6.0798e-10	-0.0401973
6.08172e-10	-0.0395577
6.08364e-10	-0.0389219
6.08556e-10	-0.0382898
6.08748e-10	-0.0376614
6.0894e-10	-0.0370366
6.09132e-10	-0.0364156
6.09324e-10	-0.0357983
6.09516e-10	-0.0351846
6.09708e-10	-0.0345747
6.099e-10	-0.0339684
6.10092e-10	-0.0333659
6.10284e-10	-0.032767
6.10476e-10	-0.0321717
6.10668e-10	-0.0315802
6.1086e-10	-0.0309923
6.11052e-10	-0.0304081
6.11244e-10	-0.0298275
6.11436e-10	-0.0292506
6.11628e-10	-0.0286774
6.1182e-10	-0.0281078
6.12012e-10	-0.0275418
6.12205e-10	-0.0269795
6.12397e-10	-0.0264208
6.12589e-10	-0.0258658
6.12781e-10	-0.0253143
6.12973e-10	-0.0247665
6.13165e-10	-0.0242223
6.13357e-10	-0.0236817
6.13549e-10	-0.0231447
6.13741e-10	-0.0226114
6.13933e-10	-0.0220816
6.14125e-10	-0.0215553
6.14317e-10	-0.0210327
6.14509e-10	-0.0205136
6.14701e-10	-0.0199981
6.14893e-10	-0.0194862
6.15085e-10	-0.0189778
6.15277e-10	-0.018473
6.15469e-10	-0.0179717
6.15661e-10	-0.0174739
6.15853e-10	-0.0169797
6.16045e-10	-0.016489
6.16237e-10	-0.0160018
6.16429e-10	-0.0155181
6.16621e-10	-0.0150379
6.16813e-10	-0.0145612
6.17005e-10	-0.014088
6.17197e-10	-0.0136183
6.17389e-10	-0.013152
6.17581e-10	-0.0126892
6.17774e-10	-0.0122299
6.17966e-10	-0.011774
6.18158e-10	-0.0113215
6.1835e-10	-0.0108724
6.18542e-10	-0.0104268
6.18734e-10	-0.00998462
6.18926e-10	-0.00954582
6.19118e-10	-0.00911042
6.1931e-10	-0.0086784
6.19502e-10	-0.00824976
6.19694e-10	-0.00782449
6.19886e-10	-0.00740258
6.20078e-10	-0.00698403
6.2027e-10	-0.00656881
6.20462e-10	-0.00615693
6.20654e-10	-0.00574838
6.20846e-10	-0.00534314
6.21038e-10	-0.00494121
6.2123e-10	-0.00454258
6.21422e-10	-0.00414723
6.21614e-10	-0.00375516
6.21806e-10	-0.00336636
6.21998e-10	-0.00298081
6.2219e-10	-0.00259852
6.22382e-10	-0.00221947
6.22574e-10	-0.00184364
6.22766e-10	-0.00147103
6.22958e-10	-0.00110163
6.2315e-10	-0.000735434
6.23342e-10	-0.000372423
6.23535e-10	-1.25908e-05
6.23727e-10	0.000344074
6.23919e-10	0.000697581
6.24111e-10	0.00104794
6.24303e-10	0.00139516
6.24495e-10	0.00173926
6.24687e-10	0.00208024
6.24879e-10	0.00241812
6.25071e-10	0.0027529
6.25263e-10	0.0030846
6.25455e-10	0.00341323
6.25647e-10	0.0037388
6.25839e-10	0.00406132
6.26031e-10	0.00438079
6.26223e-10	0.00469724
6.26415e-10	0.00501068
6.26607e-10	0.0053211
6.26799e-10	0.00562853
6.26991e-10	0.00593298
6.27183e-10	0.00623446
6.27375e-10	0.00653298
6.27567e-10	0.00682854
6.27759e-10	0.00712117
6.27951e-10	0.00741088
6.28143e-10	0.00769767
6.28335e-10	0.00798155
6.28527e-10	0.00826255
6.28719e-10	0.00854067
6.28911e-10	0.00881592
6.29104e-10	0.00908831
6.29296e-10	0.00935786
6.29488e-10	0.00962457
6.2968e-10	0.00988847
6.29872e-10	0.0101496
6.30064e-10	0.0104078
6.30256e-10	0.0106634
6.30448e-10	0.0109161
6.3064e-10	0.0111661
6.30832e-10	0.0114133
6.31024e-10	0.0116578
6.31216e-10	0.0118995
6.31408e-10	0.0121386
6.316e-10	0.012375
6.31792e-10	0.0126086
6.31984e-10	0.0128396
6.32176e-10	0.013068
6.32368e-10	0.0132936
6.3256e-10	0.0135167
6.32752e-10	0.0137371
6.32944e-10	0.0139549
6.33136e-10	0.0141701
6.33328e-10	0.0143827
6.3352e-10	0.0145928
6.33712e-10	0.0148002
6.33904e-10	0.0150052
6.34096e-10	0.0152076
6.34288e-10	0.0154074
6.3448e-10	0.0156048
6.34673e-10	0.0157996
6.34865e-10	0.015992
6.35057e-10	0.0161819
6.35249e-10	0.0163693
6.35441e-10	0.0165543
6.35633e-10	0.0167368
6.35825e-10	0.0169169
6.36017e-10	0.0170946
6.36209e-10	0.0172699
6.36401e-10	0.0174429
6.36593e-10	0.0176134
6.36785e-10	0.0177816
6.36977e-10	0.0179474
6.37169e-10	0.0181109
6.37361e-10	0.0182721
6.37553e-10	0.018431
6.37745e-10	0.0185875
6.37937e-10	0.0187418
6.38129e-10	0.0188938
6.38321e-10	0.0190436
6.38513e-10	0.0191911
6.38705e-10	0.0193364
6.38897e-10	0.0194794
6.39089e-10	0.0196203
6.39281e-10	0.0197589
6.39473e-10	0.0198954
6.39665e-10	0.0200297
6.39857e-10	0.0201619
6.40049e-10	0.0202919
6.40241e-10	0.0204197
6.40434e-10	0.0205455
6.40626e-10	0.0206691
6.40818e-10	0.0207907
6.4101e-10	0.0209102
6.41202e-10	0.0210276
6.41394e-10	0.0211429
6.41586e-10	0.0212562
6.41778e-10	0.0213675
6.4197e-10	0.0214768
6.42162e-10	0.0215841
6.42354e-10	0.0216893
6.42546e-10	0.0217926
6.42738e-10	0.021894
6.4293e-10	0.0219933
6.43122e-10	0.0220908
6.43314e-10	0.0221863
6.43506e-10	0.0222799
6.43698e-10	0.0223716
6.4389e-10	0.0224614
6.44082e-10	0.0225493
6.44274e-10	0.0226354
6.44466e-10	0.0227196
6.44658e-10	0.0228019
6.4485e-10	0.0228825
6.45042e-10	0.0229612
6.45234e-10	0.0230382
6.45426e-10	0.0231133
6.45618e-10	0.0231867
6.4581e-10	0.0232583
6.46003e-10	0.0233281
6.46195e-10	0.0233962
6.46387e-10	0.0234626
6.46579e-10	0.0235273
6.46771e-10	0.0235902
6.46963e-10	0.0236515
6.47155e-10	0.0237111
6.47347e-10	0.023769
6.47539e-10	0.0238253
6.47731e-10	0.0238799
6.47923e-10	0.0239329
6.48115e-10	0.0239843
6.48307e-10	0.0240341
6.48499e-10	0.0240823
6.48691e-10	0.0241289
6.48883e-10	0.024174
6.49075e-10	0.0242175
6.49267e-10	0.0242594
6.49459e-10	0.0242998
6.49651e-10	0.0243387
6.49843e-10	0.0243761
6.50035e-10	0.024412
6.50227e-10	0.0244464
6.50419e-10	0.0244794
6.50611e-10	0.0245108
6.50803e-10	0.0245408
6.50995e-10	0.0245694
6.51187e-10	0.0245966
6.51379e-10	0.0246224
6.51572e-10	0.0246467
6.51764e-10	0.0246697
6.51956e-10	0.0246912
6.52148e-10	0.0247114
6.5234e-10	0.0247303
6.52532e-10	0.0247478
6.52724e-10	0.024764
6.52916e-10	0.0247789
6.53108e-10	0.0247924
6.533e-10	0.0248047
6.53492e-10	0.0248156
6.53684e-10	0.0248253
6.53876e-10	0.0248337
6.54068e-10	0.0248409
6.5426e-10	0.0248468
6.54452e-10	0.0248515
6.54644e-10	0.024855
6.54836e-10	0.0248573
6.55028e-10	0.0248584
6.5522e-10	0.0248583
6.55412e-10	0.024857
6.55604e-10	0.0248545
6.55796e-10	0.0248509
6.55988e-10	0.0248462
6.5618e-10	0.0248403
6.56372e-10	0.0248333
6.56564e-10	0.0248252
6.56756e-10	0.024816
6.56948e-10	0.0248057
6.5714e-10	0.0247943
6.57333e-10	0.0247819
6.57525e-10	0.0247684
6.57717e-10	0.0247538
6.57909e-10	0.0247382
6.58101e-10	0.0247216
6.58293e-10	0.024704
6.58485e-10	0.0246854
6.58677e-10	0.0246657
6.58869e-10	0.0246451
6.59061e-10	0.0246236
6.59253e-10	0.024601
6.59445e-10	0.0245775
6.59637e-10	0.0245531
6.59829e-10	0.0245277
6.60021e-10	0.0245014
6.60213e-10	0.0244742
6.60405e-10	0.0244461
6.60597e-10	0.0244171
6.60789e-10	0.0243872
6.60981e-10	0.0243564
6.61173e-10	0.0243248
6.61365e-10	0.0242923
6.61557e-10	0.024259
6.61749e-10	0.0242248
6.61941e-10	0.0241898
6.62133e-10	0.024154
6.62325e-10	0.0241174
6.62517e-10	0.02408
6.62709e-10	0.0240418
6.62902e-10	0.0240028
6.63094e-10	0.0239631
6.63286e-10	0.0239226
6.63478e-10	0.0238813
6.6367e-10	0.0238393
6.63862e-10	0.0237966
6.64054e-10	0.0237532
6.64246e-10	0.023709
6.64438e-10	0.0236641
6.6463e-10	0.0236186
6.64822e-10	0.0235723
6.65014e-10	0.0235254
6.65206e-10	0.0234778
6.65398e-10	0.0234295
6.6559e-10	0.0233806
6.65782e-10	0.0233311
6.65974e-10	0.0232809
6.66166e-10	0.0232301
6.66358e-10	0.0231786
6.6655e-10	0.0231266
6.66742e-10	0.023074
6.66934e-10	0.0230207
6.67126e-10	0.0229669
6.67318e-10	0.0229125
6.6751e-10	0.0228576
6.67702e-10	0.0228021
6.67894e-10	0.022746
6.68086e-10	0.0226894
6.68278e-10	0.0226322
6.6847e-10	0.0225746
6.68663e-10	0.0225164
6.68855e-10	0.0224577
6.69047e-10	0.0223985
6.69239e-10	0.0223388
6.69431e-10	0.0222786
6.69623e-10	0.0222179
6.69815e-10	0.0221568
6.70007e-10	0.0220952
6.70199e-10	0.0220332
6.70391e-10	0.0219707
6.70583e-10	0.0219077
6.70775e-10	0.0218443
6.70967e-10	0.0217805
6.71159e-10	0.0217163
6.71351e-10	0.0216517
6.71543e-10	0.0215867
6.71735e-10	0.0215212
6.71927e-10	0.0214554
6.72119e-10	0.0213892
6.72311e-10	0.0213226
6.72503e-10	0.0212557
6.72695e-10	0.0211884
6.72887e-10	0.0211207
6.73079e-10	0.0210527
6.73271e-10	0.0209843
6.73463e-10	0.0209157
6.73655e-10	0.0208466
6.73847e-10	0.0207773
6.74039e-10	0.0207077
6.74232e-10	0.0206377
6.74424e-10	0.0205675
6.74616e-10	0.0204969
6.74808e-10	0.0204261
6.75e-10	0.020355
6.75192e-10	0.0202836
6.75384e-10	0.0202119
6.75576e-10	0.02014
6.75768e-10	0.0200678
6.7596e-10	0.0199954
6.76152e-10	0.0199227
6.76344e-10	0.0198498
6.76536e-10	0.0197767
6.76728e-10	0.0197033
6.7692e-10	0.0196298
6.77112e-10	0.019556
6.77304e-10	0.019482
6.77496e-10	0.0194078
6.77688e-10	0.0193334
6.7788e-10	0.0192588
6.78072e-10	0.019184
6.78264e-10	0.0191091
6.78456e-10	0.019034
6.78648e-10	0.0189587
6.7884e-10	0.0188832
6.79032e-10	0.0188076
6.79224e-10	0.0187319
6.79416e-10	0.018656
6.79608e-10	0.01858
6.79801e-10	0.0185038
6.79993e-10	0.0184275
6.80185e-10	0.0183511
6.80377e-10	0.0182745
6.80569e-10	0.0181979
6.80761e-10	0.0181211
6.80953e-10	0.0180443
6.81145e-10	0.0179673
6.81337e-10	0.0178902
6.81529e-10	0.0178131
6.81721e-10	0.0177359
6.81913e-10	0.0176586
6.82105e-10	0.0175812
6.82297e-10	0.0175037
6.82489e-10	0.0174262
6.82681e-10	0.0173486
6.82873e-10	0.017271
6.83065e-10	0.0171933
6.83257e-10	0.0171156
6.83449e-10	0.0170378
6.83641e-10	0.01696
6.83833e-10	0.0168822
6.84025e-10	0.0168044
6.84217e-10	0.0167265
6.84409e-10	0.0166486
6.84601e-10	0.0165706
6.84793e-10	0.0164927
6.84985e-10	0.0164148
6.85177e-10	0.0163368
6.85369e-10	0.0162589
6.85562e-10	0.016181
6.85754e-10	0.0161031
6.85946e-10	0.0160252
6.86138e-10	0.0159473
6.8633e-10	0.0158694
6.86522e-10	0.0157916
6.86714e-10	0.0157137
6.86906e-10	0.015636
6.87098e-10	0.0155582
6.8729e-10	0.0154805
6.87482e-10	0.0154029
6.87674e-10	0.0153253
6.87866e-10	0.0152477
6.88058e-10	0.0151702
6.8825e-10	0.0150928
6.88442e-10	0.0150154
6.88634e-10	0.0149381
6.88826e-10	0.0148608
6.89018e-10	0.0147836
6.8921e-10	0.0147065
6.89402e-10	0.0146295
6.89594e-10	0.0145526
6.89786e-10	0.0144757
6.89978e-10	0.014399
6.9017e-10	0.0143223
6.90362e-10	0.0142457
6.90554e-10	0.0141692
6.90746e-10	0.0140929
6.90938e-10	0.0140166
6.91131e-10	0.0139404
6.91323e-10	0.0138644
6.91515e-10	0.0137884
6.91707e-10	0.0137126
6.91899e-10	0.0136369
6.92091e-10	0.0135613
6.92283e-10	0.0134858
6.92475e-10	0.0134105
6.92667e-10	0.0133353
6.92859e-10	0.0132602
6.93051e-10	0.0131853
6.93243e-10	0.0131105
6.93435e-10	0.0130358
6.93627e-10	0.0129613
6.93819e-10	0.0128869
6.94011e-10	0.0128127
6.94203e-10	0.0127386
6.94395e-10	0.0126647
6.94587e-10	0.0125909
6.94779e-10	0.0125173
6.94971e-10	0.0124438
6.95163e-10	0.0123705
6.95355e-10	0.0122974
6.95547e-10	0.0122244
6.95739e-10	0.0121516
6.95931e-10	0.012079
6.96123e-10	0.0120065
6.96315e-10	0.0119343
6.96507e-10	0.0118621
6.967e-10	0.0117902
6.96892e-10	0.0117185
6.97084e-10	0.0116469
6.97276e-10	0.0115755
6.97468e-10	0.0115043
6.9766e-10	0.0114333
6.97852e-10	0.0113625
6.98044e-10	0.0112919
6.98236e-10	0.0112215
6.98428e-10	0.0111512
6.9862e-10	0.0110812
6.98812e-10	0.0110114
6.99004e-10	0.0109417
6.99196e-10	0.0108723
6.99388e-10	0.010803
6.9958e-10	0.010734
6.99772e-10	0.0106652
6.99964e-10	0.0105966
7.00156e-10	0.0105282
7.00348e-10	0.01046
7.0054e-10	0.010392
7.00732e-10	0.0103242
7.00924e-10	0.0102567
7.01116e-10	0.0101893
7.01308e-10	0.0101222
7.015e-10	0.0100553
7.01692e-10	0.00998865
7.01884e-10	0.0099222
7.02076e-10	0.00985597
7.02268e-10	0.00978996
7.02461e-10	0.00972418
7.02653e-10	0.00965863
7.02845e-10	0.0095933
7.03037e-10	0.0095282
7.03229e-10	0.00946333
7.03421e-10	0.0093987
7.03613e-10	0.00933429
7.03805e-10	0.00927012
7.03997e-10	0.00920618
7.04189e-10	0.00914248
7.04381e-10	0.00907901
7.04573e-10	0.00901578
7.04765e-10	0.00895279
7.04957e-10	0.00889004
7.05149e-10	0.00882753
7.05341e-10	0.00876525
7.05533e-10	0.00870322
7.05725e-10	0.00864143
7.05917e-10	0.00857989
7.06109e-10	0.00851858
7.06301e-10	0.00845752
7.06493e-10	0.00839671
7.06685e-10	0.00833614
7.06877e-10	0.00827582
7.07069e-10	0.00821574
7.07261e-10	0.00815592
7.07453e-10	0.00809634
7.07645e-10	0.00803701
7.07837e-10	0.00797792
7.0803e-10	0.00791909
7.08222e-10	0.00786051
7.08414e-10	0.00780218
7.08606e-10	0.0077441
7.08798e-10	0.00768627
7.0899e-10	0.0076287
7.09182e-10	0.00757137
7.09374e-10	0.0075143
7.09566e-10	0.00745749
7.09758e-10	0.00740092
7.0995e-10	0.00734461
7.10142e-10	0.00728856
7.10334e-10	0.00723276
7.10526e-10	0.00717721
7.10718e-10	0.00712192
7.1091e-10	0.00706689
7.11102e-10	0.00701211
7.11294e-10	0.00695759
7.11486e-10	0.00690332
7.11678e-10	0.00684931
7.1187e-10	0.00679555
7.12062e-10	0.00674206
7.12254e-10	0.00668882
7.12446e-10	0.00663583
7.12638e-10	0.00658311
7.1283e-10	0.00653064
7.13022e-10	0.00647842
7.13214e-10	0.00642647
7.13406e-10	0.00637477
7.13598e-10	0.00632333
7.13791e-10	0.00627215
7.13983e-10	0.00622122
7.14175e-10	0.00617055
7.14367e-10	0.00612014
7.14559e-10	0.00606998
7.14751e-10	0.00602009
7.14943e-10	0.00597045
7.15135e-10	0.00592106
7.15327e-10	0.00587194
7.15519e-10	0.00582307
7.15711e-10	0.00577445
7.15903e-10	0.0057261
7.16095e-10	0.005678
7.16287e-10	0.00563015
7.16479e-10	0.00558256
7.16671e-10	0.00553523
7.16863e-10	0.00548815
7.17055e-10	0.00544133
7.17247e-10	0.00539476
7.17439e-10	0.00534845
7.17631e-10	0.0053024
7.17823e-10	0.00525659
7.18015e-10	0.00521104
7.18207e-10	0.00516575
7.18399e-10	0.0051207
7.18591e-10	0.00507592
7.18783e-10	0.00503138
7.18975e-10	0.0049871
7.19167e-10	0.00494306
7.1936e-10	0.00489928
7.19552e-10	0.00485575
7.19744e-10	0.00481248
7.19936e-10	0.00476945
7.20128e-10	0.00472667
7.2032e-10	0.00468414
7.20512e-10	0.00464187
7.20704e-10	0.00459984
7.20896e-10	0.00455805
7.21088e-10	0.00451652
7.2128e-10	0.00447524
7.21472e-10	0.0044342
7.21664e-10	0.00439341
7.21856e-10	0.00435286
7.22048e-10	0.00431256
7.2224e-10	0.0042725
7.22432e-10	0.00423269
7.22624e-10	0.00419312
7.22816e-10	0.0041538
7.23008e-10	0.00411472
7.232e-10	0.00407588
7.23392e-10	0.00403728
7.23584e-10	0.00399893
7.23776e-10	0.00396081
7.23968e-10	0.00392294
7.2416e-10	0.0038853
7.24352e-10	0.00384791
7.24544e-10	0.00381075
7.24736e-10	0.00377383
7.24929e-10	0.00373714
7.25121e-10	0.0037007
7.25313e-10	0.00366448
7.25505e-10	0.00362851
7.25697e-10	0.00359277
7.25889e-10	0.00355726
7.26081e-10	0.00352198
7.26273e-10	0.00348694
7.26465e-10	0.00345213
7.26657e-10	0.00341755
7.26849e-10	0.0033832
7.27041e-10	0.00334908
7.27233e-10	0.00331519
7.27425e-10	0.00328152
7.27617e-10	0.00324809
7.27809e-10	0.00321488
7.28001e-10	0.0031819
7.28193e-10	0.00314914
7.28385e-10	0.00311661
7.28577e-10	0.0030843
7.28769e-10	0.00305222
7.28961e-10	0.00302035
7.29153e-10	0.00298871
7.29345e-10	0.00295729
7.29537e-10	0.00292609
7.29729e-10	0.00289511
7.29921e-10	0.00286435
7.30113e-10	0.00283381
7.30305e-10	0.00280348
7.30497e-10	0.00277337
7.3069e-10	0.00274347
7.30882e-10	0.00271379
7.31074e-10	0.00268433
7.31266e-10	0.00265507
7.31458e-10	0.00262603
7.3165e-10	0.0025972
7.31842e-10	0.00256858
7.32034e-10	0.00254017
7.32226e-10	0.00251197
7.32418e-10	0.00248398
7.3261e-10	0.00245619
7.32802e-10	0.00242862
7.32994e-10	0.00240124
7.33186e-10	0.00237408
7.33378e-10	0.00234711
7.3357e-10	0.00232035
7.33762e-10	0.00229379
7.33954e-10	0.00226744
7.34146e-10	0.00224128
7.34338e-10	0.00221532
7.3453e-10	0.00218957
7.34722e-10	0.00216401
7.34914e-10	0.00213864
7.35106e-10	0.00211348
7.35298e-10	0.00208851
7.3549e-10	0.00206373
7.35682e-10	0.00203915
7.35874e-10	0.00201476
7.36066e-10	0.00199057
7.36259e-10	0.00196656
7.36451e-10	0.00194275
7.36643e-10	0.00191912
7.36835e-10	0.00189568
7.37027e-10	0.00187243
7.37219e-10	0.00184937
7.37411e-10	0.00182649
7.37603e-10	0.0018038
7.37795e-10	0.00178129
7.37987e-10	0.00175897
7.38179e-10	0.00173683
7.38371e-10	0.00171486
7.38563e-10	0.00169308
7.38755e-10	0.00167148
7.38947e-10	0.00165006
7.39139e-10	0.00162882
7.39331e-10	0.00160775
7.39523e-10	0.00158686
7.39715e-10	0.00156615
7.39907e-10	0.00154561
7.40099e-10	0.00152524
7.40291e-10	0.00150504
7.40483e-10	0.00148502
7.40675e-10	0.00146517
7.40867e-10	0.00144549
7.41059e-10	0.00142597
7.41251e-10	0.00140663
7.41443e-10	0.00138745
7.41635e-10	0.00136844
7.41828e-10	0.00134959
7.4202e-10	0.00133091
7.42212e-10	0.00131239
7.42404e-10	0.00129404
7.42596e-10	0.00127584
7.42788e-10	0.00125781
7.4298e-10	0.00123994
7.43172e-10	0.00122223
7.43364e-10	0.00120467
7.43556e-10	0.00118728
7.43748e-10	0.00117004
7.4394e-10	0.00115295
7.44132e-10	0.00113602
7.44324e-10	0.00111925
7.44516e-10	0.00110262
7.44708e-10	0.00108615
7.449e-10	0.00106983
7.45092e-10	0.00105366
7.45284e-10	0.00103764
7.45476e-10	0.00102177
7.45668e-10	0.00100605
7.4586e-10	0.000990474
7.46052e-10	0.000975044
7.46244e-10	0.000959759
7.46436e-10	0.000944618
7.46628e-10	0.000929621
7.4682e-10	0.000914766
7.47012e-10	0.000900052
7.47204e-10	0.00088548
7.47396e-10	0.000871047
7.47589e-10	0.000856754
7.47781e-10	0.000842598
7.47973e-10	0.00082858
7.48165e-10	0.000814699
7.48357e-10	0.000800953
7.48549e-10	0.000787342
7.48741e-10	0.000773864
7.48933e-10	0.00076052
7.49125e-10	0.000747308
7.49317e-10	0.000734227
7.49509e-10	0.000721277
7.49701e-10	0.000708457
7.49893e-10	0.000695765
7.50085e-10	0.000683202
7.50277e-10	0.000670765
7.50469e-10	0.000658455
7.50661e-10	0.000646271
7.50853e-10	0.00063421
7.51045e-10	0.000622274
7.51237e-10	0.000610461
7.51429e-10	0.00059877
7.51621e-10	0.0005872
7.51813e-10	0.000575751
7.52005e-10	0.000564422
7.52197e-10	0.000553211
7.52389e-10	0.000542119
7.52581e-10	0.000531144
7.52773e-10	0.000520285
7.52965e-10	0.000509542
7.53158e-10	0.000498914
7.5335e-10	0.000488399
7.53542e-10	0.000477998
7.53734e-10	0.00046771
7.53926e-10	0.000457533
7.54118e-10	0.000447467
7.5431e-10	0.000437511
7.54502e-10	0.000427665
7.54694e-10	0.000417927
7.54886e-10	0.000408296
7.55078e-10	0.000398773
7.5527e-10	0.000389356
7.55462e-10	0.000380044
7.55654e-10	0.000370837
7.55846e-10	0.000361733
7.56038e-10	0.000352733
7.5623e-10	0.000343835
7.56422e-10	0.000335039
7.56614e-10	0.000326343
7.56806e-10	0.000317748
7.56998e-10	0.000309252
7.5719e-10	0.000300854
7.57382e-10	0.000292554
7.57574e-10	0.000284352
7.57766e-10	0.000276245
7.57958e-10	0.000268235
7.5815e-10	0.000260319
7.58342e-10	0.000252497
7.58534e-10	0.000244769
7.58726e-10	0.000237133
7.58919e-10	0.00022959
7.59111e-10	0.000222137
7.59303e-10	0.000214776
7.59495e-10	0.000207504
7.59687e-10	0.000200321
7.59879e-10	0.000193226
7.60071e-10	0.000186219
7.60263e-10	0.0001793
7.60455e-10	0.000172466
7.60647e-10	0.000165718
7.60839e-10	0.000159056
7.61031e-10	0.000152477
7.61223e-10	0.000145982
7.61415e-10	0.00013957
7.61607e-10	0.000133239
7.61799e-10	0.000126991
7.61991e-10	0.000120823
7.62183e-10	0.000114736
7.62375e-10	0.000108728
7.62567e-10	0.000102799
7.62759e-10	9.69476e-05
7.62951e-10	9.11742e-05
7.63143e-10	8.54777e-05
7.63335e-10	7.98573e-05
7.63527e-10	7.43126e-05
7.63719e-10	6.88428e-05
7.63911e-10	6.34473e-05
7.64103e-10	5.81254e-05
7.64295e-10	5.28766e-05
7.64488e-10	4.77002e-05
7.6468e-10	4.25955e-05
7.64872e-10	3.7562e-05
7.65064e-10	3.2599e-05
7.65256e-10	2.77059e-05
7.65448e-10	2.28821e-05
7.6564e-10	1.8127e-05
7.65832e-10	1.34399e-05
7.66024e-10	8.82033e-06
7.66216e-10	4.2676e-06
7.66408e-10	-2.18859e-07
7.666e-10	-4.63965e-06
7.66792e-10	-8.99537e-06
7.66984e-10	-1.32866e-05
7.67176e-10	-1.75139e-05
7.67368e-10	-2.16779e-05
7.6756e-10	-2.57792e-05
7.67752e-10	-2.98183e-05
7.67944e-10	-3.37958e-05
7.68136e-10	-3.77123e-05
7.68328e-10	-4.15683e-05
7.6852e-10	-4.53644e-05
7.68712e-10	-4.91012e-05
7.68904e-10	-5.27793e-05
7.69096e-10	-5.63991e-05
7.69288e-10	-5.99612e-05
7.6948e-10	-6.34662e-05
7.69672e-10	-6.69146e-05
7.69864e-10	-7.0307e-05
7.70057e-10	-7.36438e-05
7.70249e-10	-7.69257e-05
7.70441e-10	-8.01532e-05
7.70633e-10	-8.33267e-05
7.70825e-10	-8.64469e-05
7.71017e-10	-8.95142e-05
7.71209e-10	-9.25291e-05
7.71401e-10	-9.54922e-05
7.71593e-10	-9.8404e-05
7.71785e-10	-0.000101265
7.71977e-10	-0.000104076
7.72169e-10	-0.000106836
7.72361e-10	-0.000109548
7.72553e-10	-0.000112211
7.72745e-10	-0.000114825
7.72937e-10	-0.000117392
7.73129e-10	-0.000119911
7.73321e-10	-0.000122383
7.73513e-10	-0.000124809
7.73705e-10	-0.000127189
7.73897e-10	-0.000129524
7.74089e-10	-0.000131814
7.74281e-10	-0.000134059
7.74473e-10	-0.00013626
7.74665e-10	-0.000138418
7.74857e-10	-0.000140532
7.75049e-10	-0.000142604
7.75241e-10	-0.000144634
7.75433e-10	-0.000146622
7.75625e-10	-0.000148569
7.75818e-10	-0.000150474
7.7601e-10	-0.00015234
7.76202e-10	-0.000154165
7.76394e-10	-0.000155951
7.76586e-10	-0.000157698
7.76778e-10	-0.000159406
7.7697e-10	-0.000161075
7.77162e-10	-0.000162707
7.77354e-10	-0.000164302
7.77546e-10	-0.000165859
7.77738e-10	-0.00016738
7.7793e-10	-0.000168865
7.78122e-10	-0.000170314
7.78314e-10	-0.000171727
7.78506e-10	-0.000173106
7.78698e-10	-0.00017445
7.7889e-10	-0.00017576
7.79082e-10	-0.000177036
7.79274e-10	-0.000178278
7.79466e-10	-0.000179488
7.79658e-10	-0.000180665
7.7985e-10	-0.00018181
7.80042e-10	-0.000182923
7.80234e-10	-0.000184004
7.80426e-10	-0.000185055
7.80618e-10	-0.000186074
7.8081e-10	-0.000187063
7.81002e-10	-0.000188022
7.81194e-10	-0.000188952
7.81387e-10	-0.000189852
7.81579e-10	-0.000190723
7.81771e-10	-0.000191566
7.81963e-10	-0.000192381
7.82155e-10	-0.000193167
7.82347e-10	-0.000193926
7.82539e-10	-0.000194658
7.82731e-10	-0.000195363
7.82923e-10	-0.000196041
7.83115e-10	-0.000196694
7.83307e-10	-0.00019732
7.83499e-10	-0.000197921
7.83691e-10	-0.000198496
7.83883e-10	-0.000199047
7.84075e-10	-0.000199573
7.84267e-10	-0.000200075
7.84459e-10	-0.000200553
7.84651e-10	-0.000201008
7.84843e-10	-0.000201439
7.85035e-10	-0.000201847
7.85227e-10	-0.000202232
7.85419e-10	-0.000202595
7.85611e-10	-0.000202936
7.85803e-10	-0.000203255
7.85995e-10	-0.000203553
7.86187e-10	-0.000203829
7.86379e-10	-0.000204085
7.86571e-10	-0.00020432
7.86763e-10	-0.000204534
7.86956e-10	-0.000204729
7.87148e-10	-0.000204904
7.8734e-10	-0.000205059
7.87532e-10	-0.000205195
7.87724e-10	-0.000205312
7.87916e-10	-0.00020541
7.88108e-10	-0.00020549
7.883e-10	-0.000205552
7.88492e-10	-0.000205596
7.88684e-10	-0.000205622
7.88876e-10	-0.000205631
7.89068e-10	-0.000205623
7.8926e-10	-0.000205598
7.89452e-10	-0.000205556
7.89644e-10	-0.000205498
7.89836e-10	-0.000205424
7.90028e-10	-0.000205334
7.9022e-10	-0.000205228
7.90412e-10	-0.000205107
7.90604e-10	-0.000204971
7.90796e-10	-0.00020482
7.90988e-10	-0.000204654
7.9118e-10	-0.000204474
7.91372e-10	-0.00020428
7.91564e-10	-0.000204072
7.91756e-10	-0.00020385
7.91948e-10	-0.000203614
7.9214e-10	-0.000203365
7.92332e-10	-0.000203103
7.92524e-10	-0.000202828
7.92717e-10	-0.000202541
7.92909e-10	-0.000202241
7.93101e-10	-0.000201928
7.93293e-10	-0.000201604
7.93485e-10	-0.000201268
7.93677e-10	-0.00020092
7.93869e-10	-0.000200561
7.94061e-10	-0.000200191
7.94253e-10	-0.000199809
7.94445e-10	-0.000199417
7.94637e-10	-0.000199014
7.94829e-10	-0.000198601
7.95021e-10	-0.000198178
7.95213e-10	-0.000197744
7.95405e-10	-0.000197301
7.95597e-10	-0.000196848
7.95789e-10	-0.000196385
7.95981e-10	-0.000195913
7.96173e-10	-0.000195432
7.96365e-10	-0.000194942
7.96557e-10	-0.000194443
7.96749e-10	-0.000193936
7.96941e-10	-0.00019342
7.97133e-10	-0.000192896
7.97325e-10	-0.000192363
7.97517e-10	-0.000191823
7.97709e-10	-0.000191275
7.97901e-10	-0.000190719
7.98093e-10	-0.000190156
7.98286e-10	-0.000189586
7.98478e-10	-0.000189008
7.9867e-10	-0.000188424
7.98862e-10	-0.000187833
7.99054e-10	-0.000187235
7.99246e-10	-0.00018663
7.99438e-10	-0.000186019
7.9963e-10	-0.000185402
7.99822e-10	-0.000184779
8.00014e-10	-0.00018415
8.00206e-10	-0.000183515
8.00398e-10	-0.000182874
8.0059e-10	-0.000182228
8.00782e-10	-0.000181577
8.00974e-10	-0.00018092
8.01166e-10	-0.000180258
8.01358e-10	-0.000179591
8.0155e-10	-0.00017892
8.01742e-10	-0.000178243
8.01934e-10	-0.000177562
8.02126e-10	-0.000176877
8.02318e-10	-0.000176187
8.0251e-10	-0.000175493
8.02702e-10	-0.000174795
8.02894e-10	-0.000174093
8.03086e-10	-0.000173387
8.03278e-10	-0.000172678
8.0347e-10	-0.000171965
8.03662e-10	-0.000171248
8.03854e-10	-0.000170528
8.04047e-10	-0.000169805
8.04239e-10	-0.000169078
8.04431e-10	-0.000168349
8.04623e-10	-0.000167616
8.04815e-10	-0.000166881
8.05007e-10	-0.000166143
8.05199e-10	-0.000165402
8.05391e-10	-0.000164659
8.05583e-10	-0.000163913
8.05775e-10	-0.000163165
8.05967e-10	-0.000162415
8.06159e-10	-0.000161663
8.06351e-10	-0.000160908
8.06543e-10	-0.000160152
8.06735e-10	-0.000159394
8.06927e-10	-0.000158634
8.07119e-10	-0.000157873
8.07311e-10	-0.00015711
8.07503e-10	-0.000156345
8.07695e-10	-0.000155579
8.07887e-10	-0.000154812
8.08079e-10	-0.000154043
8.08271e-10	-0.000153274
8.08463e-10	-0.000152503
8.08655e-10	-0.000151731
8.08847e-10	-0.000150959
8.09039e-10	-0.000150186
8.09231e-10	-0.000149412
8.09423e-10	-0.000148637
8.09616e-10	-0.000147862
8.09808e-10	-0.000147086
8.1e-10	-0.00014631
8.10192e-10	-0.000145533
8.10384e-10	-0.000144756
8.10576e-10	-0.000143979
8.10768e-10	-0.000143202
8.1096e-10	-0.000142425
8.11152e-10	-0.000141647
8.11344e-10	-0.00014087
8.11536e-10	-0.000140093
8.11728e-10	-0.000139316
8.1192e-10	-0.000138539
8.12112e-10	-0.000137763
8.12304e-10	-0.000136987
8.12496e-10	-0.000136212
8.12688e-10	-0.000135437
8.1288e-10	-0.000134662
8.13072e-10	-0.000133888
8.13264e-10	-0.000133115
8.13456e-10	-0.000132343
8.13648e-10	-0.000131571
8.1384e-10	-0.0001308
8.14032e-10	-0.000130031
8.14224e-10	-0.000129262
8.14416e-10	-0.000128494
8.14608e-10	-0.000127727
8.148e-10	-0.000126961
8.14992e-10	-0.000126196
8.15185e-10	-0.000125433
8.15377e-10	-0.000124671
8.15569e-10	-0.00012391
8.15761e-10	-0.00012315
8.15953e-10	-0.000122392
8.16145e-10	-0.000121635
8.16337e-10	-0.00012088
8.16529e-10	-0.000120126
8.16721e-10	-0.000119374
8.16913e-10	-0.000118623
8.17105e-10	-0.000117874
8.17297e-10	-0.000117127
8.17489e-10	-0.000116381
8.17681e-10	-0.000115637
8.17873e-10	-0.000114895
8.18065e-10	-0.000114155
8.18257e-10	-0.000113416
8.18449e-10	-0.00011268
