9.6017e-14	-0.00011281
2.88051e-13	-0.000113547
4.80085e-13	-0.000114286
6.72119e-13	-0.000115026
8.64153e-13	-0.000115769
1.05619e-12	-0.000116513
1.24822e-12	-0.000117259
1.44026e-12	-0.000118006
1.63229e-12	-0.000118756
1.82432e-12	-0.000119507
2.01636e-12	-0.000120259
2.20839e-12	-0.000121013
2.40043e-12	-0.000121769
2.59246e-12	-0.000122526
2.78449e-12	-0.000123284
2.97653e-12	-0.000124044
3.16856e-12	-0.000124805
3.3606e-12	-0.000125568
3.55263e-12	-0.000126331
3.74466e-12	-0.000127096
3.9367e-12	-0.000127862
4.12873e-12	-0.000128629
4.32077e-12	-0.000129398
4.5128e-12	-0.000130167
4.70483e-12	-0.000130937
4.89687e-12	-0.000131708
5.0889e-12	-0.000132479
5.28094e-12	-0.000133252
5.47297e-12	-0.000134025
5.665e-12	-0.000134799
5.85704e-12	-0.000135574
6.04907e-12	-0.000136349
6.24111e-12	-0.000137124
6.43314e-12	-0.0001379
6.62517e-12	-0.000138677
6.81721e-12	-0.000139453
7.00924e-12	-0.00014023
7.20128e-12	-0.000141008
7.39331e-12	-0.000141785
7.58534e-12	-0.000142562
7.77738e-12	-0.000143339
7.96941e-12	-0.000144117
8.16145e-12	-0.000144894
8.35348e-12	-0.00014567
8.54551e-12	-0.000146447
8.73755e-12	-0.000147223
8.92958e-12	-0.000147999
9.12162e-12	-0.000148774
9.31365e-12	-0.000149548
9.50569e-12	-0.000150322
9.69772e-12	-0.000151096
9.88975e-12	-0.000151868
1.00818e-11	-0.000152639
1.02738e-11	-0.00015341
1.04659e-11	-0.000154179
1.06579e-11	-0.000154948
1.08499e-11	-0.000155715
1.1042e-11	-0.00015648
1.1234e-11	-0.000157245
1.1426e-11	-0.000158007
1.16181e-11	-0.000158769
1.18101e-11	-0.000159528
1.20021e-11	-0.000160286
1.21942e-11	-0.000161042
1.23862e-11	-0.000161796
1.25782e-11	-0.000162548
1.27703e-11	-0.000163298
1.29623e-11	-0.000164045
1.31543e-11	-0.00016479
1.33464e-11	-0.000165533
1.35384e-11	-0.000166273
1.37304e-11	-0.000167011
1.39225e-11	-0.000167746
1.41145e-11	-0.000168478
1.43065e-11	-0.000169207
1.44986e-11	-0.000169933
1.46906e-11	-0.000170656
1.48826e-11	-0.000171375
1.50747e-11	-0.000172091
1.52667e-11	-0.000172804
1.54587e-11	-0.000173513
1.56508e-11	-0.000174218
1.58428e-11	-0.000174919
1.60348e-11	-0.000175616
1.62269e-11	-0.00017631
1.64189e-11	-0.000176999
1.66109e-11	-0.000177683
1.6803e-11	-0.000178363
1.6995e-11	-0.000179039
1.7187e-11	-0.00017971
1.73791e-11	-0.000180376
1.75711e-11	-0.000181037
1.77631e-11	-0.000181692
1.79552e-11	-0.000182343
1.81472e-11	-0.000182988
1.83393e-11	-0.000183628
1.85313e-11	-0.000184262
1.87233e-11	-0.00018489
1.89154e-11	-0.000185512
1.91074e-11	-0.000186128
1.92994e-11	-0.000186738
1.94915e-11	-0.000187341
1.96835e-11	-0.000187938
1.98755e-11	-0.000188528
2.00676e-11	-0.000189111
2.02596e-11	-0.000189687
2.04516e-11	-0.000190256
2.06437e-11	-0.000190818
2.08357e-11	-0.000191373
2.10277e-11	-0.000191919
2.12198e-11	-0.000192458
2.14118e-11	-0.000192989
2.16038e-11	-0.000193512
2.17959e-11	-0.000194026
2.19879e-11	-0.000194532
2.21799e-11	-0.000195029
2.2372e-11	-0.000195518
2.2564e-11	-0.000195997
2.2756e-11	-0.000196468
2.29481e-11	-0.000196928
2.31401e-11	-0.00019738
2.33321e-11	-0.000197822
2.35242e-11	-0.000198253
2.37162e-11	-0.000198675
2.39082e-11	-0.000199086
2.41003e-11	-0.000199487
2.42923e-11	-0.000199878
2.44843e-11	-0.000200257
2.46764e-11	-0.000200626
2.48684e-11	-0.000200983
2.50604e-11	-0.000201328
2.52525e-11	-0.000201662
2.54445e-11	-0.000201984
2.56365e-11	-0.000202295
2.58286e-11	-0.000202592
2.60206e-11	-0.000202878
2.62126e-11	-0.00020315
2.64047e-11	-0.00020341
2.65967e-11	-0.000203657
2.67887e-11	-0.00020389
2.69808e-11	-0.000204109
2.71728e-11	-0.000204315
2.73649e-11	-0.000204507
2.75569e-11	-0.000204685
2.77489e-11	-0.000204848
2.7941e-11	-0.000204996
2.8133e-11	-0.00020513
2.8325e-11	-0.000205248
2.85171e-11	-0.000205351
2.87091e-11	-0.000205438
2.89011e-11	-0.000205509
2.90932e-11	-0.000205565
2.92852e-11	-0.000205603
2.94772e-11	-0.000205625
2.96693e-11	-0.000205631
2.98613e-11	-0.000205619
3.00533e-11	-0.000205589
3.02454e-11	-0.000205542
3.04374e-11	-0.000205477
3.06294e-11	-0.000205394
3.08215e-11	-0.000205292
3.10135e-11	-0.000205172
3.12055e-11	-0.000205033
3.13976e-11	-0.000204874
3.15896e-11	-0.000204696
3.17816e-11	-0.000204498
3.19737e-11	-0.00020428
3.21657e-11	-0.000204041
3.23577e-11	-0.000203782
3.25498e-11	-0.000203502
3.27418e-11	-0.0002032
3.29338e-11	-0.000202878
3.31259e-11	-0.000202533
3.33179e-11	-0.000202166
3.35099e-11	-0.000201776
3.3702e-11	-0.000201364
3.3894e-11	-0.000200929
3.4086e-11	-0.000200471
3.42781e-11	-0.000199988
3.44701e-11	-0.000199482
3.46621e-11	-0.000198952
3.48542e-11	-0.000198396
3.50462e-11	-0.000197816
3.52382e-11	-0.000197211
3.54303e-11	-0.00019658
3.56223e-11	-0.000195923
3.58143e-11	-0.00019524
3.60064e-11	-0.000194531
3.61984e-11	-0.000193794
3.63905e-11	-0.00019303
3.65825e-11	-0.000192239
3.67745e-11	-0.000191419
3.69666e-11	-0.000190571
3.71586e-11	-0.000189695
3.73506e-11	-0.00018879
3.75427e-11	-0.000187855
3.77347e-11	-0.000186891
3.79267e-11	-0.000185896
3.81188e-11	-0.000184871
3.83108e-11	-0.000183815
3.85028e-11	-0.000182728
3.86949e-11	-0.00018161
3.88869e-11	-0.000180459
3.90789e-11	-0.000179277
3.9271e-11	-0.000178061
3.9463e-11	-0.000176813
3.9655e-11	-0.000175531
3.98471e-11	-0.000174215
4.00391e-11	-0.000172865
4.02311e-11	-0.00017148
4.04232e-11	-0.00017006
4.06152e-11	-0.000168605
4.08072e-11	-0.000167114
4.09993e-11	-0.000165586
4.11913e-11	-0.000164022
4.13833e-11	-0.000162421
4.15754e-11	-0.000160783
4.17674e-11	-0.000159106
4.19594e-11	-0.000157391
4.21515e-11	-0.000155638
4.23435e-11	-0.000153845
4.25355e-11	-0.000152013
4.27276e-11	-0.00015014
4.29196e-11	-0.000148227
4.31116e-11	-0.000146273
4.33037e-11	-0.000144278
4.34957e-11	-0.000142241
4.36877e-11	-0.000140162
4.38798e-11	-0.000138039
4.40718e-11	-0.000135874
4.42638e-11	-0.000133665
4.44559e-11	-0.000131412
4.46479e-11	-0.000129114
4.48399e-11	-0.000126772
4.5032e-11	-0.000124384
4.5224e-11	-0.000121949
4.54161e-11	-0.000119469
4.56081e-11	-0.000116941
4.58001e-11	-0.000114366
4.59922e-11	-0.000111743
4.61842e-11	-0.000109072
4.63762e-11	-0.000106352
4.65683e-11	-0.000103582
4.67603e-11	-0.000100763
4.69523e-11	-9.78927e-05
4.71444e-11	-9.49719e-05
4.73364e-11	-9.19996e-05
4.75284e-11	-8.89755e-05
4.77205e-11	-8.58989e-05
4.79125e-11	-8.27693e-05
4.81045e-11	-7.95863e-05
4.82966e-11	-7.63492e-05
4.84886e-11	-7.30577e-05
4.86806e-11	-6.9711e-05
4.88727e-11	-6.63088e-05
4.90647e-11	-6.28504e-05
4.92567e-11	-5.93353e-05
4.94488e-11	-5.5763e-05
4.96408e-11	-5.2133e-05
4.98328e-11	-4.84446e-05
5.00249e-11	-4.46973e-05
5.02169e-11	-4.08907e-05
5.04089e-11	-3.7024e-05
5.0601e-11	-3.30967e-05
5.0793e-11	-2.91084e-05
5.0985e-11	-2.50583e-05
5.11771e-11	-2.0946e-05
5.13691e-11	-1.67709e-05
5.15611e-11	-1.25323e-05
5.17532e-11	-8.22968e-06
5.19452e-11	-3.8625e-06
5.21372e-11	5.69865e-07
5.23293e-11	5.068e-06
5.25213e-11	9.63251e-06
5.27133e-11	1.4264e-05
5.29054e-11	1.8963e-05
5.30974e-11	2.37303e-05
5.32894e-11	2.85663e-05
5.34815e-11	3.34717e-05
5.36735e-11	3.84471e-05
5.38655e-11	4.34932e-05
5.40576e-11	4.86105e-05
5.42496e-11	5.37997e-05
5.44417e-11	5.90614e-05
5.46337e-11	6.43962e-05
5.48257e-11	6.98048e-05
5.50178e-11	7.52878e-05
5.52098e-11	8.08459e-05
5.54018e-11	8.64796e-05
5.55939e-11	9.21897e-05
5.57859e-11	9.79768e-05
5.59779e-11	0.000103842
5.617e-11	0.000109785
5.6362e-11	0.000115807
5.6554e-11	0.000121908
5.67461e-11	0.00012809
5.69381e-11	0.000134353
5.71301e-11	0.000140698
5.73222e-11	0.000147125
5.75142e-11	0.000153634
5.77062e-11	0.000160228
5.78983e-11	0.000166906
5.80903e-11	0.000173669
5.82823e-11	0.000180517
5.84744e-11	0.000187452
5.86664e-11	0.000194475
5.88584e-11	0.000201585
5.90505e-11	0.000208783
5.92425e-11	0.000216071
5.94345e-11	0.000223449
5.96266e-11	0.000230917
5.98186e-11	0.000238477
6.00106e-11	0.000246129
6.02027e-11	0.000253874
6.03947e-11	0.000261712
6.05867e-11	0.000269645
6.07788e-11	0.000277672
6.09708e-11	0.000285795
6.11628e-11	0.000294015
6.13549e-11	0.000302332
6.15469e-11	0.000310747
6.17389e-11	0.000319261
6.1931e-11	0.000327874
6.2123e-11	0.000336587
6.2315e-11	0.000345401
6.25071e-11	0.000354317
6.26991e-11	0.000363336
6.28911e-11	0.000372457
6.30832e-11	0.000381683
6.32752e-11	0.000391014
6.34673e-11	0.000400449
6.36593e-11	0.000409992
6.38513e-11	0.000419641
6.40434e-11	0.000429398
6.42354e-11	0.000439264
6.44274e-11	0.000449239
6.46195e-11	0.000459325
6.48115e-11	0.000469522
6.50035e-11	0.00047983
6.51956e-11	0.000490251
6.53876e-11	0.000500785
6.55796e-11	0.000511434
6.57717e-11	0.000522197
6.59637e-11	0.000533076
6.61557e-11	0.000544072
6.63478e-11	0.000555185
6.65398e-11	0.000566417
6.67318e-11	0.000577768
6.69239e-11	0.000589238
6.71159e-11	0.000600829
6.73079e-11	0.000612542
6.75e-11	0.000624376
6.7692e-11	0.000636335
6.7884e-11	0.000648417
6.80761e-11	0.000660623
6.82681e-11	0.000672956
6.84601e-11	0.000685415
6.86522e-11	0.000698001
6.88442e-11	0.000710715
6.90362e-11	0.000723558
6.92283e-11	0.000736532
6.94203e-11	0.000749635
6.96123e-11	0.000762871
6.98044e-11	0.000776238
6.99964e-11	0.000789739
7.01884e-11	0.000803374
7.03805e-11	0.000817144
7.05725e-11	0.00083105
7.07645e-11	0.000845092
7.09566e-11	0.000859272
7.11486e-11	0.00087359
7.13406e-11	0.000888047
7.15327e-11	0.000902644
7.17247e-11	0.000917383
7.19167e-11	0.000932263
7.21088e-11	0.000947286
7.23008e-11	0.000962452
7.24929e-11	0.000977763
7.26849e-11	0.000993219
7.28769e-11	0.00100882
7.3069e-11	0.00102457
7.3261e-11	0.00104047
7.3453e-11	0.00105651
7.36451e-11	0.00107271
7.38371e-11	0.00108905
7.40291e-11	0.00110555
7.42212e-11	0.0011222
7.44132e-11	0.00113901
7.46052e-11	0.00115596
7.47973e-11	0.00117307
7.49893e-11	0.00119034
7.51813e-11	0.00120777
7.53734e-11	0.00122535
7.55654e-11	0.00124309
7.57574e-11	0.00126099
7.59495e-11	0.00127905
7.61415e-11	0.00129727
7.63335e-11	0.00131566
7.65256e-11	0.0013342
7.67176e-11	0.00135291
7.69096e-11	0.00137179
7.71017e-11	0.00139083
7.72937e-11	0.00141004
7.74857e-11	0.00142941
7.76778e-11	0.00144895
7.78698e-11	0.00146867
7.80618e-11	0.00148855
7.82539e-11	0.0015086
7.84459e-11	0.00152883
7.86379e-11	0.00154923
7.883e-11	0.0015698
7.9022e-11	0.00159054
7.9214e-11	0.00161147
7.94061e-11	0.00163256
7.95981e-11	0.00165384
7.97901e-11	0.00167529
7.99822e-11	0.00169692
8.01742e-11	0.00171874
8.03662e-11	0.00174073
8.05583e-11	0.0017629
8.07503e-11	0.00178526
8.09423e-11	0.0018078
8.11344e-11	0.00183052
8.13264e-11	0.00185343
8.15185e-11	0.00187653
8.17105e-11	0.00189981
8.19025e-11	0.00192328
8.20946e-11	0.00194694
8.22866e-11	0.00197079
8.24786e-11	0.00199483
8.26707e-11	0.00201906
8.28627e-11	0.00204349
8.30547e-11	0.0020681
8.32468e-11	0.00209291
8.34388e-11	0.00211792
8.36308e-11	0.00214312
8.38229e-11	0.00216851
8.40149e-11	0.00219411
8.42069e-11	0.0022199
8.4399e-11	0.00224589
8.4591e-11	0.00227208
8.4783e-11	0.00229848
8.49751e-11	0.00232507
8.51671e-11	0.00235187
8.53591e-11	0.00237887
8.55512e-11	0.00240607
8.57432e-11	0.00243348
8.59352e-11	0.00246109
8.61273e-11	0.00248891
8.63193e-11	0.00251694
8.65113e-11	0.00254518
8.67034e-11	0.00257363
8.68954e-11	0.00260228
8.70874e-11	0.00263115
8.72795e-11	0.00266023
8.74715e-11	0.00268952
8.76635e-11	0.00271903
8.78556e-11	0.00274874
8.80476e-11	0.00277868
8.82396e-11	0.00280883
8.84317e-11	0.00283919
8.86237e-11	0.00286978
8.88157e-11	0.00290058
8.90078e-11	0.00293159
8.91998e-11	0.00296283
8.93918e-11	0.00299429
8.95839e-11	0.00302597
8.97759e-11	0.00305787
8.99679e-11	0.00309
9.016e-11	0.00312235
9.0352e-11	0.00315492
9.05441e-11	0.00318772
9.07361e-11	0.00322074
9.09281e-11	0.00325399
9.11202e-11	0.00328746
9.13122e-11	0.00332116
9.15042e-11	0.0033551
9.16963e-11	0.00338926
9.18883e-11	0.00342365
9.20803e-11	0.00345827
9.22724e-11	0.00349312
9.24644e-11	0.0035282
9.26564e-11	0.00356352
9.28485e-11	0.00359907
9.30405e-11	0.00363485
9.32325e-11	0.00367087
9.34246e-11	0.00370713
9.36166e-11	0.00374361
9.38086e-11	0.00378034
9.40007e-11	0.0038173
9.41927e-11	0.0038545
9.43847e-11	0.00389194
9.45768e-11	0.00392962
9.47688e-11	0.00396754
9.49608e-11	0.0040057
9.51529e-11	0.00404409
9.53449e-11	0.00408273
9.55369e-11	0.00412161
9.5729e-11	0.00416074
9.5921e-11	0.00420011
9.6113e-11	0.00423972
9.63051e-11	0.00427957
9.64971e-11	0.00431967
9.66891e-11	0.00436001
9.68812e-11	0.0044006
9.70732e-11	0.00444144
9.72652e-11	0.00448252
9.74573e-11	0.00452385
9.76493e-11	0.00456543
9.78413e-11	0.00460725
9.80334e-11	0.00464933
9.82254e-11	0.00469165
9.84174e-11	0.00473422
9.86095e-11	0.00477704
9.88015e-11	0.00482011
9.89935e-11	0.00486343
9.91856e-11	0.00490701
9.93776e-11	0.00495083
9.95697e-11	0.00499491
9.97617e-11	0.00503924
9.99537e-11	0.00508382
1.00146e-10	0.00512865
1.00338e-10	0.00517374
1.0053e-10	0.00521908
1.00722e-10	0.00526467
1.00914e-10	0.00531052
1.01106e-10	0.00535663
1.01298e-10	0.00540298
1.0149e-10	0.00544959
1.01682e-10	0.00549646
1.01874e-10	0.00554358
1.02066e-10	0.00559096
1.02258e-10	0.0056386
1.0245e-10	0.00568649
1.02642e-10	0.00573463
1.02834e-10	0.00578303
1.03026e-10	0.00583169
1.03218e-10	0.00588061
1.0341e-10	0.00592978
1.03602e-10	0.00597921
1.03794e-10	0.00602889
1.03986e-10	0.00607884
1.04178e-10	0.00612904
1.04371e-10	0.00617949
1.04563e-10	0.00623021
1.04755e-10	0.00628118
1.04947e-10	0.00633241
1.05139e-10	0.0063839
1.05331e-10	0.00643564
1.05523e-10	0.00648764
1.05715e-10	0.0065399
1.05907e-10	0.00659241
1.06099e-10	0.00664518
1.06291e-10	0.00669821
1.06483e-10	0.0067515
1.06675e-10	0.00680504
1.06867e-10	0.00685884
1.07059e-10	0.0069129
1.07251e-10	0.00696721
1.07443e-10	0.00702178
1.07635e-10	0.0070766
1.07827e-10	0.00713168
1.08019e-10	0.00718702
1.08211e-10	0.00724261
1.08403e-10	0.00729845
1.08595e-10	0.00735455
1.08787e-10	0.00741091
1.08979e-10	0.00746752
1.09171e-10	0.00752438
1.09363e-10	0.00758149
1.09555e-10	0.00763886
1.09747e-10	0.00769648
1.09939e-10	0.00775435
1.10132e-10	0.00781248
1.10324e-10	0.00787085
1.10516e-10	0.00792948
1.10708e-10	0.00798836
1.109e-10	0.00804748
1.11092e-10	0.00810686
1.11284e-10	0.00816648
1.11476e-10	0.00822635
1.11668e-10	0.00828647
1.1186e-10	0.00834684
1.12052e-10	0.00840745
1.12244e-10	0.00846831
1.12436e-10	0.00852941
1.12628e-10	0.00859075
1.1282e-10	0.00865234
1.13012e-10	0.00871418
1.13204e-10	0.00877625
1.13396e-10	0.00883857
1.13588e-10	0.00890112
1.1378e-10	0.00896392
1.13972e-10	0.00902695
1.14164e-10	0.00909022
1.14356e-10	0.00915373
1.14548e-10	0.00921747
1.1474e-10	0.00928145
1.14932e-10	0.00934567
1.15124e-10	0.00941011
1.15316e-10	0.00947479
1.15508e-10	0.0095397
1.15701e-10	0.00960484
1.15893e-10	0.0096702
1.16085e-10	0.0097358
1.16277e-10	0.00980162
1.16469e-10	0.00986767
1.16661e-10	0.00993394
1.16853e-10	0.0100004
1.17045e-10	0.0100671
1.17237e-10	0.0101341
1.17429e-10	0.0102012
1.17621e-10	0.0102686
1.17813e-10	0.0103362
1.18005e-10	0.010404
1.18197e-10	0.010472
1.18389e-10	0.0105403
1.18581e-10	0.0106087
1.18773e-10	0.0106773
1.18965e-10	0.0107462
1.19157e-10	0.0108153
1.19349e-10	0.0108845
1.19541e-10	0.010954
1.19733e-10	0.0110237
1.19925e-10	0.0110936
1.20117e-10	0.0111636
1.20309e-10	0.0112339
1.20501e-10	0.0113044
1.20693e-10	0.011375
1.20885e-10	0.0114459
1.21077e-10	0.0115169
1.21269e-10	0.0115881
1.21462e-10	0.0116596
1.21654e-10	0.0117312
1.21846e-10	0.0118029
1.22038e-10	0.0118749
1.2223e-10	0.011947
1.22422e-10	0.0120193
1.22614e-10	0.0120918
1.22806e-10	0.0121645
1.22998e-10	0.0122373
1.2319e-10	0.0123103
1.23382e-10	0.0123835
1.23574e-10	0.0124568
1.23766e-10	0.0125303
1.23958e-10	0.0126039
1.2415e-10	0.0126777
1.24342e-10	0.0127517
1.24534e-10	0.0128258
1.24726e-10	0.0129
1.24918e-10	0.0129744
1.2511e-10	0.013049
1.25302e-10	0.0131237
1.25494e-10	0.0131985
1.25686e-10	0.0132735
1.25878e-10	0.0133486
1.2607e-10	0.0134238
1.26262e-10	0.0134992
1.26454e-10	0.0135746
1.26646e-10	0.0136503
1.26838e-10	0.013726
1.27031e-10	0.0138018
1.27223e-10	0.0138778
1.27415e-10	0.0139539
1.27607e-10	0.0140301
1.27799e-10	0.0141064
1.27991e-10	0.0141828
1.28183e-10	0.0142593
1.28375e-10	0.0143358
1.28567e-10	0.0144125
1.28759e-10	0.0144893
1.28951e-10	0.0145662
1.29143e-10	0.0146431
1.29335e-10	0.0147202
1.29527e-10	0.0147973
1.29719e-10	0.0148745
1.29911e-10	0.0149517
1.30103e-10	0.0150291
1.30295e-10	0.0151064
1.30487e-10	0.0151839
1.30679e-10	0.0152614
1.30871e-10	0.015339
1.31063e-10	0.0154166
1.31255e-10	0.0154943
1.31447e-10	0.015572
1.31639e-10	0.0156497
1.31831e-10	0.0157275
1.32023e-10	0.0158053
1.32215e-10	0.0158832
1.32407e-10	0.015961
1.326e-10	0.0160389
1.32792e-10	0.0161168
1.32984e-10	0.0161948
1.33176e-10	0.0162727
1.33368e-10	0.0163506
1.3356e-10	0.0164286
1.33752e-10	0.0165065
1.33944e-10	0.0165844
1.34136e-10	0.0166623
1.34328e-10	0.0167402
1.3452e-10	0.0168181
1.34712e-10	0.016896
1.34904e-10	0.0169738
1.35096e-10	0.0170516
1.35288e-10	0.0171294
1.3548e-10	0.0172071
1.35672e-10	0.0172847
1.35864e-10	0.0173624
1.36056e-10	0.0174399
1.36248e-10	0.0175174
1.3644e-10	0.0175949
1.36632e-10	0.0176722
1.36824e-10	0.0177495
1.37016e-10	0.0178267
1.37208e-10	0.0179039
1.374e-10	0.0179809
1.37592e-10	0.0180579
1.37784e-10	0.0181347
1.37976e-10	0.0182114
1.38168e-10	0.0182881
1.38361e-10	0.0183646
1.38553e-10	0.018441
1.38745e-10	0.0185173
1.38937e-10	0.0185934
1.39129e-10	0.0186694
1.39321e-10	0.0187453
1.39513e-10	0.018821
1.39705e-10	0.0188966
1.39897e-10	0.018972
1.40089e-10	0.0190473
1.40281e-10	0.0191224
1.40473e-10	0.0191973
1.40665e-10	0.019272
1.40857e-10	0.0193466
1.41049e-10	0.0194209
1.41241e-10	0.0194951
1.41433e-10	0.019569
1.41625e-10	0.0196428
1.41817e-10	0.0197163
1.42009e-10	0.0197897
1.42201e-10	0.0198627
1.42393e-10	0.0199356
1.42585e-10	0.0200082
1.42777e-10	0.0200806
1.42969e-10	0.0201527
1.43161e-10	0.0202246
1.43353e-10	0.0202962
1.43545e-10	0.0203676
1.43737e-10	0.0204386
1.4393e-10	0.0205094
1.44122e-10	0.0205799
1.44314e-10	0.0206501
1.44506e-10	0.02072
1.44698e-10	0.0207896
1.4489e-10	0.0208589
1.45082e-10	0.0209278
1.45274e-10	0.0209965
1.45466e-10	0.0210647
1.45658e-10	0.0211327
1.4585e-10	0.0212003
1.46042e-10	0.0212675
1.46234e-10	0.0213344
1.46426e-10	0.0214009
1.46618e-10	0.0214671
1.4681e-10	0.0215328
1.47002e-10	0.0215982
1.47194e-10	0.0216632
1.47386e-10	0.0217277
1.47578e-10	0.0217919
1.4777e-10	0.0218556
1.47962e-10	0.0219189
1.48154e-10	0.0219818
1.48346e-10	0.0220442
1.48538e-10	0.0221061
1.4873e-10	0.0221677
1.48922e-10	0.0222287
1.49114e-10	0.0222893
1.49306e-10	0.0223494
1.49499e-10	0.022409
1.49691e-10	0.0224681
1.49883e-10	0.0225267
1.50075e-10	0.0225848
1.50267e-10	0.0226424
1.50459e-10	0.0226994
1.50651e-10	0.0227559
1.50843e-10	0.0228119
1.51035e-10	0.0228673
1.51227e-10	0.0229222
1.51419e-10	0.0229765
1.51611e-10	0.0230302
1.51803e-10	0.0230833
1.51995e-10	0.0231359
1.52187e-10	0.0231878
1.52379e-10	0.0232391
1.52571e-10	0.0232898
1.52763e-10	0.0233399
1.52955e-10	0.0233893
1.53147e-10	0.0234381
1.53339e-10	0.0234863
1.53531e-10	0.0235337
1.53723e-10	0.0235806
1.53915e-10	0.0236267
1.54107e-10	0.0236721
1.54299e-10	0.0237169
1.54491e-10	0.0237609
1.54683e-10	0.0238042
1.54875e-10	0.0238468
1.55067e-10	0.0238887
1.5526e-10	0.0239298
1.55452e-10	0.0239702
1.55644e-10	0.0240098
1.55836e-10	0.0240486
1.56028e-10	0.0240867
1.5622e-10	0.0241239
1.56412e-10	0.0241604
1.56604e-10	0.0241961
1.56796e-10	0.0242309
1.56988e-10	0.0242649
1.5718e-10	0.0242981
1.57372e-10	0.0243304
1.57564e-10	0.0243619
1.57756e-10	0.0243925
1.57948e-10	0.0244223
1.5814e-10	0.0244511
1.58332e-10	0.0244791
1.58524e-10	0.0245061
1.58716e-10	0.0245323
1.58908e-10	0.0245575
1.591e-10	0.0245817
1.59292e-10	0.0246051
1.59484e-10	0.0246274
1.59676e-10	0.0246489
1.59868e-10	0.0246693
1.6006e-10	0.0246887
1.60252e-10	0.0247072
1.60444e-10	0.0247246
1.60636e-10	0.0247411
1.60829e-10	0.0247565
1.61021e-10	0.0247708
1.61213e-10	0.0247841
1.61405e-10	0.0247964
1.61597e-10	0.0248076
1.61789e-10	0.0248177
1.61981e-10	0.0248267
1.62173e-10	0.0248346
1.62365e-10	0.0248414
1.62557e-10	0.0248471
1.62749e-10	0.0248516
1.62941e-10	0.024855
1.63133e-10	0.0248573
1.63325e-10	0.0248584
1.63517e-10	0.0248583
1.63709e-10	0.024857
1.63901e-10	0.0248545
1.64093e-10	0.0248508
1.64285e-10	0.0248459
1.64477e-10	0.0248397
1.64669e-10	0.0248323
1.64861e-10	0.0248237
1.65053e-10	0.0248138
1.65245e-10	0.0248026
1.65437e-10	0.0247901
1.65629e-10	0.0247763
1.65821e-10	0.0247612
1.66013e-10	0.0247448
1.66205e-10	0.0247271
1.66397e-10	0.024708
1.6659e-10	0.0246875
1.66782e-10	0.0246657
1.66974e-10	0.0246425
1.67166e-10	0.0246179
1.67358e-10	0.0245919
1.6755e-10	0.0245645
1.67742e-10	0.0245356
1.67934e-10	0.0245054
1.68126e-10	0.0244736
1.68318e-10	0.0244404
1.6851e-10	0.0244058
1.68702e-10	0.0243696
1.68894e-10	0.024332
1.69086e-10	0.0242928
1.69278e-10	0.0242521
1.6947e-10	0.0242099
1.69662e-10	0.0241661
1.69854e-10	0.0241208
1.70046e-10	0.0240739
1.70238e-10	0.0240254
1.7043e-10	0.0239754
1.70622e-10	0.0239237
1.70814e-10	0.0238704
1.71006e-10	0.0238155
1.71198e-10	0.0237589
1.7139e-10	0.0237007
1.71582e-10	0.0236408
1.71774e-10	0.0235792
1.71966e-10	0.0235159
1.72159e-10	0.023451
1.72351e-10	0.0233843
1.72543e-10	0.0233159
1.72735e-10	0.0232457
1.72927e-10	0.0231738
1.73119e-10	0.0231001
1.73311e-10	0.0230247
1.73503e-10	0.0229474
1.73695e-10	0.0228684
1.73887e-10	0.0227875
1.74079e-10	0.0227048
1.74271e-10	0.0226203
1.74463e-10	0.0225339
1.74655e-10	0.0224456
1.74847e-10	0.0223555
1.75039e-10	0.0222635
1.75231e-10	0.0221695
1.75423e-10	0.0220737
1.75615e-10	0.0219759
1.75807e-10	0.0218762
1.75999e-10	0.0217745
1.76191e-10	0.0216709
1.76383e-10	0.0215652
1.76575e-10	0.0214576
1.76767e-10	0.021348
1.76959e-10	0.0212364
1.77151e-10	0.0211227
1.77343e-10	0.021007
1.77535e-10	0.0208892
1.77728e-10	0.0207693
1.7792e-10	0.0206474
1.78112e-10	0.0205234
1.78304e-10	0.0203973
1.78496e-10	0.020269
1.78688e-10	0.0201386
1.7888e-10	0.0200061
1.79072e-10	0.0198714
1.79264e-10	0.0197346
1.79456e-10	0.0195955
1.79648e-10	0.0194543
1.7984e-10	0.0193108
1.80032e-10	0.0191652
1.80224e-10	0.0190173
1.80416e-10	0.0188671
1.80608e-10	0.0187147
1.808e-10	0.01856
1.80992e-10	0.018403
1.81184e-10	0.0182438
1.81376e-10	0.0180822
1.81568e-10	0.0179183
1.8176e-10	0.017752
1.81952e-10	0.0175834
1.82144e-10	0.0174125
1.82336e-10	0.0172391
1.82528e-10	0.0170634
1.8272e-10	0.0168853
1.82912e-10	0.0167047
1.83104e-10	0.0165217
1.83296e-10	0.0163363
1.83489e-10	0.0161485
1.83681e-10	0.0159581
1.83873e-10	0.0157653
1.84065e-10	0.0155701
1.84257e-10	0.0153723
1.84449e-10	0.0151719
1.84641e-10	0.0149691
1.84833e-10	0.0147637
1.85025e-10	0.0145558
1.85217e-10	0.0143453
1.85409e-10	0.0141322
1.85601e-10	0.0139166
1.85793e-10	0.0136983
1.85985e-10	0.0134774
1.86177e-10	0.0132539
1.86369e-10	0.0130278
1.86561e-10	0.012799
1.86753e-10	0.0125675
1.86945e-10	0.0123334
1.87137e-10	0.0120965
1.87329e-10	0.011857
1.87521e-10	0.0116147
1.87713e-10	0.0113698
1.87905e-10	0.0111221
1.88097e-10	0.0108716
1.88289e-10	0.0106184
1.88481e-10	0.0103624
1.88673e-10	0.0101036
1.88865e-10	0.009842
1.89058e-10	0.0095776
1.8925e-10	0.00931039
1.89442e-10	0.00904034
1.89634e-10	0.00876744
1.89826e-10	0.00849168
1.90018e-10	0.00821306
1.9021e-10	0.00793155
1.90402e-10	0.00764715
1.90594e-10	0.00735985
1.90786e-10	0.00706963
1.90978e-10	0.00677648
1.9117e-10	0.00648039
1.91362e-10	0.00618135
1.91554e-10	0.00587935
1.91746e-10	0.00557438
1.91938e-10	0.00526642
1.9213e-10	0.00495546
1.92322e-10	0.00464149
1.92514e-10	0.00432451
1.92706e-10	0.00400449
1.92898e-10	0.00368144
1.9309e-10	0.00335533
1.93282e-10	0.00302616
1.93474e-10	0.00269392
1.93666e-10	0.00235859
1.93858e-10	0.00202016
1.9405e-10	0.00167863
1.94242e-10	0.00133398
1.94434e-10	0.000986201
1.94627e-10	0.000635286
1.94819e-10	0.000281221
1.95011e-10	-7.60035e-05
1.95203e-10	-0.000436398
1.95395e-10	-0.000799972
1.95587e-10	-0.00116674
1.95779e-10	-0.0015367
1.95971e-10	-0.00190988
1.96163e-10	-0.00228627
1.96355e-10	-0.0026659
1.96547e-10	-0.00304877
1.96739e-10	-0.00343489
1.96931e-10	-0.00382427
1.97123e-10	-0.00421691
1.97315e-10	-0.00461284
1.97507e-10	-0.00501206
1.97699e-10	-0.00541458
1.97891e-10	-0.0058204
1.98083e-10	-0.00622954
1.98275e-10	-0.00664201
1.98467e-10	-0.00705781
1.98659e-10	-0.00747696
1.98851e-10	-0.00789946
1.99043e-10	-0.00832533
1.99235e-10	-0.00875456
1.99427e-10	-0.00918718
1.99619e-10	-0.00962318
1.99811e-10	-0.0100626
2.00003e-10	-0.0105054
2.00195e-10	-0.0109516
2.00388e-10	-0.0114013
2.0058e-10	-0.0118543
2.00772e-10	-0.0123109
2.00964e-10	-0.0127708
2.01156e-10	-0.0132342
2.01348e-10	-0.0137011
2.0154e-10	-0.0141715
2.01732e-10	-0.0146453
2.01924e-10	-0.0151226
2.02116e-10	-0.0156034
2.02308e-10	-0.0160877
2.025e-10	-0.0165755
2.02692e-10	-0.0170669
2.02884e-10	-0.0175617
2.03076e-10	-0.0180601
2.03268e-10	-0.018562
2.0346e-10	-0.0190675
2.03652e-10	-0.0195765
2.03844e-10	-0.0200891
2.04036e-10	-0.0206052
2.04228e-10	-0.0211249
2.0442e-10	-0.0216481
2.04612e-10	-0.022175
2.04804e-10	-0.0227054
2.04996e-10	-0.0232395
2.05188e-10	-0.0237771
2.0538e-10	-0.0243183
2.05572e-10	-0.0248632
2.05764e-10	-0.0254116
2.05957e-10	-0.0259637
2.06149e-10	-0.0265194
2.06341e-10	-0.0270787
2.06533e-10	-0.0276417
2.06725e-10	-0.0282083
2.06917e-10	-0.0287785
2.07109e-10	-0.0293524
2.07301e-10	-0.02993
2.07493e-10	-0.0305112
2.07685e-10	-0.031096
2.07877e-10	-0.0316846
2.08069e-10	-0.0322767
2.08261e-10	-0.0328726
2.08453e-10	-0.0334722
2.08645e-10	-0.0340754
2.08837e-10	-0.0346823
2.09029e-10	-0.0352929
2.09221e-10	-0.0359072
2.09413e-10	-0.0365252
2.09605e-10	-0.0371469
2.09797e-10	-0.0377722
2.09989e-10	-0.0384013
2.10181e-10	-0.0390341
2.10373e-10	-0.0396706
2.10565e-10	-0.0403108
2.10757e-10	-0.0409547
2.10949e-10	-0.0416023
2.11141e-10	-0.0422536
2.11333e-10	-0.0429086
2.11525e-10	-0.0435674
2.11718e-10	-0.0442298
2.1191e-10	-0.044896
2.12102e-10	-0.0455659
2.12294e-10	-0.0462395
2.12486e-10	-0.0469169
2.12678e-10	-0.0475979
2.1287e-10	-0.0482827
2.13062e-10	-0.0489712
2.13254e-10	-0.0496635
2.13446e-10	-0.0503594
2.13638e-10	-0.0510591
2.1383e-10	-0.0517624
2.14022e-10	-0.0524695
2.14214e-10	-0.0531803
2.14406e-10	-0.0538949
2.14598e-10	-0.0546131
2.1479e-10	-0.0553351
2.14982e-10	-0.0560608
2.15174e-10	-0.0567902
2.15366e-10	-0.0575232
2.15558e-10	-0.05826
2.1575e-10	-0.0590005
2.15942e-10	-0.0597448
2.16134e-10	-0.0604927
2.16326e-10	-0.0612443
2.16518e-10	-0.0619996
2.1671e-10	-0.0627586
2.16902e-10	-0.0635212
2.17094e-10	-0.0642876
2.17287e-10	-0.0650576
2.17479e-10	-0.0658313
2.17671e-10	-0.0666087
2.17863e-10	-0.0673898
2.18055e-10	-0.0681745
2.18247e-10	-0.0689629
2.18439e-10	-0.0697549
2.18631e-10	-0.0705506
2.18823e-10	-0.07135
2.19015e-10	-0.0721529
2.19207e-10	-0.0729596
2.19399e-10	-0.0737698
2.19591e-10	-0.0745836
2.19783e-10	-0.0754011
2.19975e-10	-0.0762222
2.20167e-10	-0.0770469
2.20359e-10	-0.0778752
2.20551e-10	-0.0787071
2.20743e-10	-0.0795426
2.20935e-10	-0.0803816
2.21127e-10	-0.0812242
2.21319e-10	-0.0820704
2.21511e-10	-0.0829201
2.21703e-10	-0.0837734
2.21895e-10	-0.0846302
2.22087e-10	-0.0854905
2.22279e-10	-0.0863544
2.22471e-10	-0.0872218
2.22663e-10	-0.0880927
2.22856e-10	-0.088967
2.23048e-10	-0.0898449
2.2324e-10	-0.0907262
2.23432e-10	-0.091611
2.23624e-10	-0.0924993
2.23816e-10	-0.093391
2.24008e-10	-0.0942861
2.242e-10	-0.0951847
2.24392e-10	-0.0960866
2.24584e-10	-0.096992
2.24776e-10	-0.0979008
2.24968e-10	-0.0988129
2.2516e-10	-0.0997284
2.25352e-10	-0.100647
2.25544e-10	-0.10157
2.25736e-10	-0.102495
2.25928e-10	-0.103424
2.2612e-10	-0.104356
2.26312e-10	-0.105292
2.26504e-10	-0.10623
2.26696e-10	-0.107172
2.26888e-10	-0.108118
2.2708e-10	-0.109066
2.27272e-10	-0.110018
2.27464e-10	-0.110973
2.27656e-10	-0.111931
2.27848e-10	-0.112892
2.2804e-10	-0.113857
2.28232e-10	-0.114824
2.28424e-10	-0.115795
2.28617e-10	-0.116769
2.28809e-10	-0.117746
2.29001e-10	-0.118726
2.29193e-10	-0.119709
2.29385e-10	-0.120695
2.29577e-10	-0.121685
2.29769e-10	-0.122677
2.29961e-10	-0.123672
2.30153e-10	-0.12467
2.30345e-10	-0.125672
2.30537e-10	-0.126676
2.30729e-10	-0.127683
2.30921e-10	-0.128693
2.31113e-10	-0.129706
2.31305e-10	-0.130722
2.31497e-10	-0.131741
2.31689e-10	-0.132762
2.31881e-10	-0.133786
2.32073e-10	-0.134813
2.32265e-10	-0.135843
2.32457e-10	-0.136876
2.32649e-10	-0.137911
2.32841e-10	-0.13895
2.33033e-10	-0.13999
2.33225e-10	-0.141034
2.33417e-10	-0.14208
2.33609e-10	-0.143129
2.33801e-10	-0.14418
2.33993e-10	-0.145234
2.34186e-10	-0.146291
2.34378e-10	-0.14735
2.3457e-10	-0.148412
2.34762e-10	-0.149476
2.34954e-10	-0.150542
2.35146e-10	-0.151612
2.35338e-10	-0.152683
2.3553e-10	-0.153757
2.35722e-10	-0.154833
2.35914e-10	-0.155912
2.36106e-10	-0.156993
2.36298e-10	-0.158076
2.3649e-10	-0.159162
2.36682e-10	-0.16025
2.36874e-10	-0.16134
2.37066e-10	-0.162432
2.37258e-10	-0.163526
2.3745e-10	-0.164623
2.37642e-10	-0.165722
2.37834e-10	-0.166822
2.38026e-10	-0.167925
2.38218e-10	-0.16903
2.3841e-10	-0.170137
2.38602e-10	-0.171246
2.38794e-10	-0.172357
2.38986e-10	-0.17347
2.39178e-10	-0.174585
2.3937e-10	-0.175701
2.39562e-10	-0.17682
2.39755e-10	-0.17794
2.39947e-10	-0.179062
2.40139e-10	-0.180186
2.40331e-10	-0.181311
2.40523e-10	-0.182439
2.40715e-10	-0.183567
2.40907e-10	-0.184698
2.41099e-10	-0.18583
2.41291e-10	-0.186964
2.41483e-10	-0.188099
2.41675e-10	-0.189236
2.41867e-10	-0.190374
2.42059e-10	-0.191514
2.42251e-10	-0.192655
2.42443e-10	-0.193798
2.42635e-10	-0.194941
2.42827e-10	-0.196087
2.43019e-10	-0.197233
2.43211e-10	-0.198381
2.43403e-10	-0.19953
2.43595e-10	-0.20068
2.43787e-10	-0.201831
2.43979e-10	-0.202984
2.44171e-10	-0.204137
2.44363e-10	-0.205291
2.44555e-10	-0.206447
2.44747e-10	-0.207603
2.44939e-10	-0.208761
2.45131e-10	-0.209919
2.45323e-10	-0.211078
2.45516e-10	-0.212238
2.45708e-10	-0.213399
2.459e-10	-0.214561
2.46092e-10	-0.215723
2.46284e-10	-0.216886
2.46476e-10	-0.21805
2.46668e-10	-0.219214
2.4686e-10	-0.220379
2.47052e-10	-0.221544
2.47244e-10	-0.22271
2.47436e-10	-0.223876
2.47628e-10	-0.225043
2.4782e-10	-0.22621
2.48012e-10	-0.227377
2.48204e-10	-0.228545
2.48396e-10	-0.229713
2.48588e-10	-0.230881
2.4878e-10	-0.232049
2.48972e-10	-0.233218
2.49164e-10	-0.234386
2.49356e-10	-0.235555
2.49548e-10	-0.236724
2.4974e-10	-0.237892
2.49932e-10	-0.239061
2.50124e-10	-0.240229
2.50316e-10	-0.241397
2.50508e-10	-0.242565
2.507e-10	-0.243733
2.50892e-10	-0.244901
2.51085e-10	-0.246068
2.51277e-10	-0.247235
2.51469e-10	-0.248401
2.51661e-10	-0.249567
2.51853e-10	-0.250733
2.52045e-10	-0.251898
2.52237e-10	-0.253062
2.52429e-10	-0.254226
2.52621e-10	-0.255389
2.52813e-10	-0.256551
2.53005e-10	-0.257713
2.53197e-10	-0.258874
2.53389e-10	-0.260034
2.53581e-10	-0.261193
2.53773e-10	-0.262351
2.53965e-10	-0.263508
2.54157e-10	-0.264664
2.54349e-10	-0.265819
2.54541e-10	-0.266973
2.54733e-10	-0.268125
2.54925e-10	-0.269277
2.55117e-10	-0.270427
2.55309e-10	-0.271576
2.55501e-10	-0.272723
2.55693e-10	-0.27387
2.55885e-10	-0.275014
2.56077e-10	-0.276157
2.56269e-10	-0.277299
2.56461e-10	-0.278439
2.56653e-10	-0.279577
2.56846e-10	-0.280714
2.57038e-10	-0.281848
2.5723e-10	-0.282982
2.57422e-10	-0.284113
2.57614e-10	-0.285242
2.57806e-10	-0.286369
2.57998e-10	-0.287495
2.5819e-10	-0.288618
2.58382e-10	-0.289739
2.58574e-10	-0.290858
2.58766e-10	-0.291975
2.58958e-10	-0.29309
2.5915e-10	-0.294202
2.59342e-10	-0.295312
2.59534e-10	-0.29642
2.59726e-10	-0.297525
2.59918e-10	-0.298627
2.6011e-10	-0.299727
2.60302e-10	-0.300825
2.60494e-10	-0.301919
2.60686e-10	-0.303011
2.60878e-10	-0.304101
2.6107e-10	-0.305187
2.61262e-10	-0.306271
2.61454e-10	-0.307351
2.61646e-10	-0.308429
2.61838e-10	-0.309504
2.6203e-10	-0.310575
2.62222e-10	-0.311644
2.62415e-10	-0.312709
2.62607e-10	-0.313771
2.62799e-10	-0.31483
2.62991e-10	-0.315885
2.63183e-10	-0.316937
2.63375e-10	-0.317986
2.63567e-10	-0.319031
2.63759e-10	-0.320072
2.63951e-10	-0.32111
2.64143e-10	-0.322144
2.64335e-10	-0.323174
2.64527e-10	-0.324201
2.64719e-10	-0.325224
2.64911e-10	-0.326243
2.65103e-10	-0.327258
2.65295e-10	-0.328269
2.65487e-10	-0.329276
2.65679e-10	-0.330278
2.65871e-10	-0.331277
2.66063e-10	-0.332271
2.66255e-10	-0.333262
2.66447e-10	-0.334247
2.66639e-10	-0.335229
2.66831e-10	-0.336206
2.67023e-10	-0.337178
2.67215e-10	-0.338146
2.67407e-10	-0.339109
2.67599e-10	-0.340068
2.67791e-10	-0.341022
2.67984e-10	-0.341971
2.68176e-10	-0.342915
2.68368e-10	-0.343854
2.6856e-10	-0.344789
2.68752e-10	-0.345718
2.68944e-10	-0.346642
2.69136e-10	-0.347562
2.69328e-10	-0.348476
2.6952e-10	-0.349384
2.69712e-10	-0.350288
2.69904e-10	-0.351186
2.70096e-10	-0.352079
2.70288e-10	-0.352966
2.7048e-10	-0.353848
2.70672e-10	-0.354724
2.70864e-10	-0.355594
2.71056e-10	-0.356459
2.71248e-10	-0.357318
2.7144e-10	-0.358171
2.71632e-10	-0.359019
2.71824e-10	-0.35986
2.72016e-10	-0.360696
2.72208e-10	-0.361525
2.724e-10	-0.362348
2.72592e-10	-0.363166
2.72784e-10	-0.363976
2.72976e-10	-0.364781
2.73168e-10	-0.36558
2.7336e-10	-0.366371
2.73552e-10	-0.367157
2.73745e-10	-0.367936
2.73937e-10	-0.368709
2.74129e-10	-0.369474
2.74321e-10	-0.370234
2.74513e-10	-0.370986
2.74705e-10	-0.371732
2.74897e-10	-0.37247
2.75089e-10	-0.373202
2.75281e-10	-0.373927
2.75473e-10	-0.374645
2.75665e-10	-0.375356
2.75857e-10	-0.37606
2.76049e-10	-0.376756
2.76241e-10	-0.377446
2.76433e-10	-0.378128
2.76625e-10	-0.378802
2.76817e-10	-0.379469
2.77009e-10	-0.380129
2.77201e-10	-0.380781
2.77393e-10	-0.381426
2.77585e-10	-0.382063
2.77777e-10	-0.382692
2.77969e-10	-0.383313
2.78161e-10	-0.383927
2.78353e-10	-0.384533
2.78545e-10	-0.385131
2.78737e-10	-0.38572
2.78929e-10	-0.386302
2.79121e-10	-0.386876
2.79314e-10	-0.387441
2.79506e-10	-0.387998
2.79698e-10	-0.388547
2.7989e-10	-0.389088
2.80082e-10	-0.38962
2.80274e-10	-0.390144
2.80466e-10	-0.39066
2.80658e-10	-0.391166
2.8085e-10	-0.391664
2.81042e-10	-0.392154
2.81234e-10	-0.392635
2.81426e-10	-0.393107
2.81618e-10	-0.39357
2.8181e-10	-0.394024
2.82002e-10	-0.394469
2.82194e-10	-0.394906
2.82386e-10	-0.395333
2.82578e-10	-0.395751
2.8277e-10	-0.39616
2.82962e-10	-0.39656
2.83154e-10	-0.39695
2.83346e-10	-0.397331
2.83538e-10	-0.397703
2.8373e-10	-0.398065
2.83922e-10	-0.398418
2.84114e-10	-0.398761
2.84306e-10	-0.399095
2.84498e-10	-0.399419
2.8469e-10	-0.399733
2.84883e-10	-0.400037
2.85075e-10	-0.400332
2.85267e-10	-0.400617
2.85459e-10	-0.400892
2.85651e-10	-0.401157
2.85843e-10	-0.401412
2.86035e-10	-0.401656
2.86227e-10	-0.401891
2.86419e-10	-0.402116
2.86611e-10	-0.40233
2.86803e-10	-0.402534
2.86995e-10	-0.402727
2.87187e-10	-0.402911
2.87379e-10	-0.403083
2.87571e-10	-0.403246
2.87763e-10	-0.403397
2.87955e-10	-0.403539
2.88147e-10	-0.403669
2.88339e-10	-0.403789
2.88531e-10	-0.403898
2.88723e-10	-0.403996
2.88915e-10	-0.404084
2.89107e-10	-0.40416
2.89299e-10	-0.404226
2.89491e-10	-0.40428
2.89683e-10	-0.404324
2.89875e-10	-0.404356
2.90067e-10	-0.404378
2.90259e-10	-0.404388
2.90451e-10	-0.404387
2.90644e-10	-0.404375
2.90836e-10	-0.404351
2.91028e-10	-0.404316
2.9122e-10	-0.404269
2.91412e-10	-0.404211
2.91604e-10	-0.404142
2.91796e-10	-0.404061
2.91988e-10	-0.403968
2.9218e-10	-0.403864
2.92372e-10	-0.403748
2.92564e-10	-0.40362
2.92756e-10	-0.403481
2.92948e-10	-0.40333
2.9314e-10	-0.403167
2.93332e-10	-0.402991
2.93524e-10	-0.402804
2.93716e-10	-0.402605
2.93908e-10	-0.402394
2.941e-10	-0.402171
2.94292e-10	-0.401936
2.94484e-10	-0.401688
2.94676e-10	-0.401429
2.94868e-10	-0.401157
2.9506e-10	-0.400873
2.95252e-10	-0.400576
2.95444e-10	-0.400267
2.95636e-10	-0.399946
2.95828e-10	-0.399612
2.9602e-10	-0.399266
2.96213e-10	-0.398907
2.96405e-10	-0.398536
2.96597e-10	-0.398152
2.96789e-10	-0.397755
2.96981e-10	-0.397346
2.97173e-10	-0.396924
2.97365e-10	-0.396489
2.97557e-10	-0.396041
2.97749e-10	-0.395581
2.97941e-10	-0.395108
2.98133e-10	-0.394621
2.98325e-10	-0.394122
2.98517e-10	-0.39361
2.98709e-10	-0.393085
2.98901e-10	-0.392547
2.99093e-10	-0.391996
2.99285e-10	-0.391431
2.99477e-10	-0.390854
2.99669e-10	-0.390263
2.99861e-10	-0.389659
3.00053e-10	-0.389042
3.00245e-10	-0.388412
3.00437e-10	-0.387768
3.00629e-10	-0.387111
3.00821e-10	-0.386441
3.01013e-10	-0.385757
3.01205e-10	-0.38506
3.01397e-10	-0.38435
3.01589e-10	-0.383626
3.01781e-10	-0.382888
3.01974e-10	-0.382137
3.02166e-10	-0.381372
3.02358e-10	-0.380594
3.0255e-10	-0.379802
3.02742e-10	-0.378997
3.02934e-10	-0.378178
3.03126e-10	-0.377345
3.03318e-10	-0.376498
3.0351e-10	-0.375638
3.03702e-10	-0.374764
3.03894e-10	-0.373876
3.04086e-10	-0.372974
3.04278e-10	-0.372059
3.0447e-10	-0.37113
3.04662e-10	-0.370186
3.04854e-10	-0.369229
3.05046e-10	-0.368258
3.05238e-10	-0.367273
3.0543e-10	-0.366275
3.05622e-10	-0.365262
3.05814e-10	-0.364235
3.06006e-10	-0.363194
3.06198e-10	-0.362139
3.0639e-10	-0.36107
3.06582e-10	-0.359987
3.06774e-10	-0.35889
3.06966e-10	-0.357779
3.07158e-10	-0.356653
3.0735e-10	-0.355514
3.07543e-10	-0.35436
3.07735e-10	-0.353192
3.07927e-10	-0.35201
3.08119e-10	-0.350814
3.08311e-10	-0.349604
3.08503e-10	-0.34838
3.08695e-10	-0.347141
3.08887e-10	-0.345888
3.09079e-10	-0.344621
3.09271e-10	-0.343339
3.09463e-10	-0.342043
3.09655e-10	-0.340733
3.09847e-10	-0.339409
3.10039e-10	-0.33807
3.10231e-10	-0.336718
3.10423e-10	-0.33535
3.10615e-10	-0.333969
3.10807e-10	-0.332573
3.10999e-10	-0.331163
3.11191e-10	-0.329738
3.11383e-10	-0.3283
3.11575e-10	-0.326846
3.11767e-10	-0.325379
3.11959e-10	-0.323897
3.12151e-10	-0.322401
3.12343e-10	-0.32089
3.12535e-10	-0.319366
3.12727e-10	-0.317826
3.12919e-10	-0.316273
3.13112e-10	-0.314705
3.13304e-10	-0.313123
3.13496e-10	-0.311526
3.13688e-10	-0.309915
3.1388e-10	-0.30829
3.14072e-10	-0.30665
3.14264e-10	-0.304996
3.14456e-10	-0.303328
3.14648e-10	-0.301645
3.1484e-10	-0.299948
3.15032e-10	-0.298237
3.15224e-10	-0.296511
3.15416e-10	-0.294771
3.15608e-10	-0.293017
3.158e-10	-0.291249
3.15992e-10	-0.289466
3.16184e-10	-0.287669
3.16376e-10	-0.285858
3.16568e-10	-0.284032
3.1676e-10	-0.282192
3.16952e-10	-0.280338
3.17144e-10	-0.27847
3.17336e-10	-0.276588
3.17528e-10	-0.274691
3.1772e-10	-0.27278
3.17912e-10	-0.270855
3.18104e-10	-0.268916
3.18296e-10	-0.266963
3.18488e-10	-0.264995
3.1868e-10	-0.263014
3.18873e-10	-0.261018
3.19065e-10	-0.259009
3.19257e-10	-0.256985
3.19449e-10	-0.254947
3.19641e-10	-0.252895
3.19833e-10	-0.25083
3.20025e-10	-0.24875
3.20217e-10	-0.246656
3.20409e-10	-0.244549
3.20601e-10	-0.242427
3.20793e-10	-0.240292
3.20985e-10	-0.238142
3.21177e-10	-0.235979
3.21369e-10	-0.233802
3.21561e-10	-0.231612
3.21753e-10	-0.229407
3.21945e-10	-0.227189
3.22137e-10	-0.224957
3.22329e-10	-0.222712
3.22521e-10	-0.220452
3.22713e-10	-0.21818
3.22905e-10	-0.215893
3.23097e-10	-0.213593
3.23289e-10	-0.21128
3.23481e-10	-0.208953
3.23673e-10	-0.206612
3.23865e-10	-0.204258
3.24057e-10	-0.201891
3.24249e-10	-0.19951
3.24442e-10	-0.197116
3.24634e-10	-0.194709
3.24826e-10	-0.192288
3.25018e-10	-0.189854
3.2521e-10	-0.187407
3.25402e-10	-0.184947
3.25594e-10	-0.182473
3.25786e-10	-0.179987
3.25978e-10	-0.177487
3.2617e-10	-0.174975
3.26362e-10	-0.172449
3.26554e-10	-0.169911
3.26746e-10	-0.16736
3.26938e-10	-0.164796
3.2713e-10	-0.162219
3.27322e-10	-0.159629
3.27514e-10	-0.157027
3.27706e-10	-0.154412
3.27898e-10	-0.151784
3.2809e-10	-0.149144
3.28282e-10	-0.146491
3.28474e-10	-0.143825
3.28666e-10	-0.141148
3.28858e-10	-0.138458
3.2905e-10	-0.135755
3.29242e-10	-0.13304
3.29434e-10	-0.130313
3.29626e-10	-0.127574
3.29818e-10	-0.124823
3.3001e-10	-0.122059
3.30203e-10	-0.119284
3.30395e-10	-0.116496
3.30587e-10	-0.113697
3.30779e-10	-0.110885
3.30971e-10	-0.108062
3.31163e-10	-0.105227
3.31355e-10	-0.102381
3.31547e-10	-0.0995222
3.31739e-10	-0.0966522
3.31931e-10	-0.0937707
3.32123e-10	-0.0908777
3.32315e-10	-0.0879732
3.32507e-10	-0.0850574
3.32699e-10	-0.0821302
3.32891e-10	-0.0791918
3.33083e-10	-0.0762422
3.33275e-10	-0.0732814
3.33467e-10	-0.0703096
3.33659e-10	-0.0673267
3.33851e-10	-0.0643329
3.34043e-10	-0.0613282
3.34235e-10	-0.0583126
3.34427e-10	-0.0552863
3.34619e-10	-0.0522493
3.34811e-10	-0.0492017
3.35003e-10	-0.0461434
3.35195e-10	-0.0430747
3.35387e-10	-0.0399956
3.35579e-10	-0.0369061
3.35772e-10	-0.0338062
3.35964e-10	-0.0306962
3.36156e-10	-0.027576
3.36348e-10	-0.0244457
3.3654e-10	-0.0213053
3.36732e-10	-0.018155
3.36924e-10	-0.0149949
3.37116e-10	-0.0118249
3.37308e-10	-0.00864518
3.375e-10	-0.0054558
3.37692e-10	-0.00225683
3.37884e-10	0.000951653
3.38076e-10	0.00416958
3.38268e-10	0.00739688
3.3846e-10	0.0106335
3.38652e-10	0.0138793
3.38844e-10	0.0171342
3.39036e-10	0.0203982
3.39228e-10	0.0236712
3.3942e-10	0.0269531
3.39612e-10	0.0302439
3.39804e-10	0.0335434
3.39996e-10	0.0368515
3.40188e-10	0.0401683
3.4038e-10	0.0434935
3.40572e-10	0.0468272
3.40764e-10	0.0501692
3.40956e-10	0.0535195
3.41148e-10	0.056878
3.41341e-10	0.0602446
3.41533e-10	0.0636192
3.41725e-10	0.0670017
3.41917e-10	0.0703921
3.42109e-10	0.0737903
3.42301e-10	0.0771961
3.42493e-10	0.0806095
3.42685e-10	0.0840304
3.42877e-10	0.0874588
3.43069e-10	0.0908944
3.43261e-10	0.0943374
3.43453e-10	0.0977874
3.43645e-10	0.101245
3.43837e-10	0.104709
3.44029e-10	0.10818
3.44221e-10	0.111658
3.44413e-10	0.115142
3.44605e-10	0.118633
3.44797e-10	0.122131
3.44989e-10	0.125635
3.45181e-10	0.129145
3.45373e-10	0.132662
3.45565e-10	0.136185
3.45757e-10	0.139714
3.45949e-10	0.143249
3.46141e-10	0.14679
3.46333e-10	0.150336
3.46525e-10	0.153888
3.46717e-10	0.157446
3.46909e-10	0.16101
3.47102e-10	0.164578
3.47294e-10	0.168152
3.47486e-10	0.171732
3.47678e-10	0.175316
3.4787e-10	0.178905
3.48062e-10	0.1825
3.48254e-10	0.186099
3.48446e-10	0.189702
3.48638e-10	0.193311
3.4883e-10	0.196924
3.49022e-10	0.200541
3.49214e-10	0.204163
3.49406e-10	0.207789
3.49598e-10	0.211419
3.4979e-10	0.215053
3.49982e-10	0.218691
3.50174e-10	0.222333
3.50366e-10	0.225978
3.50558e-10	0.229627
3.5075e-10	0.23328
3.50942e-10	0.236936
3.51134e-10	0.240595
3.51326e-10	0.244257
3.51518e-10	0.247923
3.5171e-10	0.251591
3.51902e-10	0.255263
3.52094e-10	0.258937
3.52286e-10	0.262614
3.52478e-10	0.266293
3.52671e-10	0.269975
3.52863e-10	0.273659
3.53055e-10	0.277346
3.53247e-10	0.281034
3.53439e-10	0.284725
3.53631e-10	0.288418
3.53823e-10	0.292112
3.54015e-10	0.295808
3.54207e-10	0.299506
3.54399e-10	0.303205
3.54591e-10	0.306905
3.54783e-10	0.310607
3.54975e-10	0.31431
3.55167e-10	0.318014
3.55359e-10	0.321719
3.55551e-10	0.325425
3.55743e-10	0.329131
3.55935e-10	0.332839
3.56127e-10	0.336546
3.56319e-10	0.340254
3.56511e-10	0.343962
3.56703e-10	0.347671
3.56895e-10	0.351379
3.57087e-10	0.355088
3.57279e-10	0.358796
3.57471e-10	0.362504
3.57663e-10	0.366212
3.57855e-10	0.369919
3.58047e-10	0.373625
3.5824e-10	0.377331
3.58432e-10	0.381036
3.58624e-10	0.38474
3.58816e-10	0.388443
3.59008e-10	0.392145
3.592e-10	0.395845
3.59392e-10	0.399544
3.59584e-10	0.403242
3.59776e-10	0.406938
3.59968e-10	0.410632
3.6016e-10	0.414324
3.60352e-10	0.418014
3.60544e-10	0.421703
3.60736e-10	0.425389
3.60928e-10	0.429072
3.6112e-10	0.432754
3.61312e-10	0.436432
3.61504e-10	0.440108
3.61696e-10	0.443782
3.61888e-10	0.447452
3.6208e-10	0.451119
3.62272e-10	0.454784
3.62464e-10	0.458445
3.62656e-10	0.462102
3.62848e-10	0.465756
3.6304e-10	0.469407
3.63232e-10	0.473054
3.63424e-10	0.476697
3.63616e-10	0.480336
3.63808e-10	0.483971
3.64001e-10	0.487602
3.64193e-10	0.491229
3.64385e-10	0.494851
3.64577e-10	0.498469
3.64769e-10	0.502082
3.64961e-10	0.50569
3.65153e-10	0.509294
3.65345e-10	0.512893
3.65537e-10	0.516486
3.65729e-10	0.520074
3.65921e-10	0.523657
3.66113e-10	0.527235
3.66305e-10	0.530807
3.66497e-10	0.534373
3.66689e-10	0.537934
3.66881e-10	0.541489
3.67073e-10	0.545037
3.67265e-10	0.54858
3.67457e-10	0.552116
3.67649e-10	0.555646
3.67841e-10	0.55917
3.68033e-10	0.562687
3.68225e-10	0.566197
3.68417e-10	0.569701
3.68609e-10	0.573197
3.68801e-10	0.576687
3.68993e-10	0.580169
3.69185e-10	0.583644
3.69377e-10	0.587112
3.6957e-10	0.590572
3.69762e-10	0.594024
3.69954e-10	0.597469
3.70146e-10	0.600906
3.70338e-10	0.604335
3.7053e-10	0.607756
3.70722e-10	0.611169
3.70914e-10	0.614574
3.71106e-10	0.61797
3.71298e-10	0.621358
3.7149e-10	0.624737
3.71682e-10	0.628107
3.71874e-10	0.631468
3.72066e-10	0.634821
3.72258e-10	0.638164
3.7245e-10	0.641499
3.72642e-10	0.644823
3.72834e-10	0.648139
3.73026e-10	0.651445
3.73218e-10	0.654741
3.7341e-10	0.658028
3.73602e-10	0.661305
3.73794e-10	0.664572
3.73986e-10	0.667829
3.74178e-10	0.671075
3.7437e-10	0.674311
3.74562e-10	0.677537
3.74754e-10	0.680753
3.74946e-10	0.683958
3.75138e-10	0.687152
3.75331e-10	0.690335
3.75523e-10	0.693507
3.75715e-10	0.696668
3.75907e-10	0.699819
3.76099e-10	0.702957
3.76291e-10	0.706085
3.76483e-10	0.709201
3.76675e-10	0.712305
3.76867e-10	0.715398
3.77059e-10	0.718479
3.77251e-10	0.721548
3.77443e-10	0.724605
3.77635e-10	0.72765
3.77827e-10	0.730683
3.78019e-10	0.733704
3.78211e-10	0.736712
3.78403e-10	0.739707
3.78595e-10	0.74269
3.78787e-10	0.74566
3.78979e-10	0.748618
3.79171e-10	0.751562
3.79363e-10	0.754494
3.79555e-10	0.757412
3.79747e-10	0.760317
3.79939e-10	0.763209
3.80131e-10	0.766087
3.80323e-10	0.768952
3.80515e-10	0.771803
3.80707e-10	0.774641
3.809e-10	0.777465
3.81092e-10	0.780274
3.81284e-10	0.78307
3.81476e-10	0.785852
3.81668e-10	0.788619
3.8186e-10	0.791372
3.82052e-10	0.794111
3.82244e-10	0.796835
3.82436e-10	0.799545
3.82628e-10	0.80224
3.8282e-10	0.80492
3.83012e-10	0.807585
3.83204e-10	0.810236
3.83396e-10	0.812871
3.83588e-10	0.815491
3.8378e-10	0.818096
3.83972e-10	0.820686
3.84164e-10	0.82326
3.84356e-10	0.825819
3.84548e-10	0.828362
3.8474e-10	0.830889
3.84932e-10	0.833401
3.85124e-10	0.835896
3.85316e-10	0.838376
3.85508e-10	0.84084
3.857e-10	0.843288
3.85892e-10	0.845719
3.86084e-10	0.848134
3.86276e-10	0.850533
3.86469e-10	0.852915
3.86661e-10	0.855281
3.86853e-10	0.85763
3.87045e-10	0.859963
3.87237e-10	0.862278
3.87429e-10	0.864577
3.87621e-10	0.866859
3.87813e-10	0.869123
3.88005e-10	0.871371
3.88197e-10	0.873601
3.88389e-10	0.875815
3.88581e-10	0.87801
3.88773e-10	0.880189
3.88965e-10	0.88235
3.89157e-10	0.884493
3.89349e-10	0.886619
3.89541e-10	0.888726
3.89733e-10	0.890817
3.89925e-10	0.892889
3.90117e-10	0.894943
3.90309e-10	0.896979
3.90501e-10	0.898997
3.90693e-10	0.900997
3.90885e-10	0.902979
3.91077e-10	0.904942
3.91269e-10	0.906887
3.91461e-10	0.908814
3.91653e-10	0.910722
3.91845e-10	0.912611
3.92037e-10	0.914482
3.9223e-10	0.916334
3.92422e-10	0.918167
3.92614e-10	0.919981
3.92806e-10	0.921777
3.92998e-10	0.923553
3.9319e-10	0.925311
3.93382e-10	0.927049
3.93574e-10	0.928768
3.93766e-10	0.930468
3.93958e-10	0.932149
3.9415e-10	0.93381
3.94342e-10	0.935452
3.94534e-10	0.937074
3.94726e-10	0.938677
3.94918e-10	0.94026
3.9511e-10	0.941823
3.95302e-10	0.943367
3.95494e-10	0.944891
3.95686e-10	0.946396
3.95878e-10	0.94788
3.9607e-10	0.949345
3.96262e-10	0.950789
3.96454e-10	0.952214
3.96646e-10	0.953618
3.96838e-10	0.955003
3.9703e-10	0.956367
3.97222e-10	0.957711
3.97414e-10	0.959034
3.97606e-10	0.960338
3.97799e-10	0.961621
3.97991e-10	0.962883
3.98183e-10	0.964125
3.98375e-10	0.965347
3.98567e-10	0.966548
3.98759e-10	0.967728
3.98951e-10	0.968888
3.99143e-10	0.970027
3.99335e-10	0.971146
3.99527e-10	0.972243
3.99719e-10	0.97332
3.99911e-10	0.974376
4.00103e-10	0.975411
4.00295e-10	0.976426
4.00487e-10	0.977419
4.00679e-10	0.978391
4.00871e-10	0.979343
4.01063e-10	0.980273
4.01255e-10	0.981182
4.01447e-10	0.98207
4.01639e-10	0.982937
4.01831e-10	0.983783
4.02023e-10	0.984607
4.02215e-10	0.985411
4.02407e-10	0.986193
4.02599e-10	0.986953
4.02791e-10	0.987693
4.02983e-10	0.988411
4.03175e-10	0.989108
4.03368e-10	0.989783
4.0356e-10	0.990437
4.03752e-10	0.991069
4.03944e-10	0.99168
4.04136e-10	0.992269
4.04328e-10	0.992837
4.0452e-10	0.993384
4.04712e-10	0.993908
4.04904e-10	0.994412
4.05096e-10	0.994893
4.05288e-10	0.995353
4.0548e-10	0.995792
4.05672e-10	0.996208
4.05864e-10	0.996604
4.06056e-10	0.996977
4.06248e-10	0.997329
4.0644e-10	0.997659
4.06632e-10	0.997967
4.06824e-10	0.998254
4.07016e-10	0.998518
4.07208e-10	0.998762
4.074e-10	0.998983
4.07592e-10	0.999183
4.07784e-10	0.99936
4.07976e-10	0.999516
4.08168e-10	0.999651
4.0836e-10	0.999763
4.08552e-10	0.999854
4.08744e-10	0.999923
4.08936e-10	0.99997
4.09129e-10	0.999995
4.09321e-10	0.999999
4.09513e-10	0.99998
4.09705e-10	0.99994
4.09897e-10	0.999879
4.10089e-10	0.999795
4.10281e-10	0.999689
4.10473e-10	0.999562
4.10665e-10	0.999413
4.10857e-10	0.999242
4.11049e-10	0.99905
4.11241e-10	0.998836
4.11433e-10	0.998599
4.11625e-10	0.998342
4.11817e-10	0.998062
4.12009e-10	0.997761
4.12201e-10	0.997438
4.12393e-10	0.997093
4.12585e-10	0.996727
4.12777e-10	0.996339
4.12969e-10	0.995929
4.13161e-10	0.995497
4.13353e-10	0.995044
4.13545e-10	0.99457
4.13737e-10	0.994073
4.13929e-10	0.993556
4.14121e-10	0.993016
4.14313e-10	0.992455
4.14505e-10	0.991873
4.14698e-10	0.991269
4.1489e-10	0.990643
4.15082e-10	0.989996
4.15274e-10	0.989328
4.15466e-10	0.988638
4.15658e-10	0.987927
4.1585e-10	0.987195
4.16042e-10	0.986441
4.16234e-10	0.985666
4.16426e-10	0.984869
4.16618e-10	0.984052
4.1681e-10	0.983213
4.17002e-10	0.982353
4.17194e-10	0.981471
4.17386e-10	0.980569
4.17578e-10	0.979646
4.1777e-10	0.978701
4.17962e-10	0.977736
4.18154e-10	0.976749
4.18346e-10	0.975742
4.18538e-10	0.974713
4.1873e-10	0.973664
4.18922e-10	0.972594
4.19114e-10	0.971503
4.19306e-10	0.970391
4.19498e-10	0.969258
4.1969e-10	0.968105
4.19882e-10	0.966932
4.20074e-10	0.965737
4.20266e-10	0.964522
4.20459e-10	0.963287
4.20651e-10	0.962031
4.20843e-10	0.960754
4.21035e-10	0.959458
4.21227e-10	0.958141
4.21419e-10	0.956803
4.21611e-10	0.955446
4.21803e-10	0.954068
4.21995e-10	0.95267
4.22187e-10	0.951252
4.22379e-10	0.949814
4.22571e-10	0.948356
4.22763e-10	0.946878
4.22955e-10	0.94538
4.23147e-10	0.943862
4.23339e-10	0.942325
4.23531e-10	0.940767
4.23723e-10	0.93919
4.23915e-10	0.937594
4.24107e-10	0.935978
4.24299e-10	0.934342
4.24491e-10	0.932687
4.24683e-10	0.931013
4.24875e-10	0.929319
4.25067e-10	0.927607
4.25259e-10	0.925874
4.25451e-10	0.924123
4.25643e-10	0.922353
4.25835e-10	0.920564
4.26028e-10	0.918755
4.2622e-10	0.916928
4.26412e-10	0.915082
4.26604e-10	0.913218
4.26796e-10	0.911334
4.26988e-10	0.909432
4.2718e-10	0.907512
4.27372e-10	0.905573
4.27564e-10	0.903615
4.27756e-10	0.901639
4.27948e-10	0.899645
4.2814e-10	0.897633
4.28332e-10	0.895603
4.28524e-10	0.893554
4.28716e-10	0.891488
4.28908e-10	0.889404
4.291e-10	0.887302
4.29292e-10	0.885182
4.29484e-10	0.883044
4.29676e-10	0.880889
4.29868e-10	0.878716
4.3006e-10	0.876526
4.30252e-10	0.874319
4.30444e-10	0.872094
4.30636e-10	0.869852
4.30828e-10	0.867592
4.3102e-10	0.865316
4.31212e-10	0.863023
4.31404e-10	0.860713
4.31597e-10	0.858386
4.31789e-10	0.856042
4.31981e-10	0.853682
4.32173e-10	0.851305
4.32365e-10	0.848911
4.32557e-10	0.846501
4.32749e-10	0.844075
4.32941e-10	0.841633
4.33133e-10	0.839174
4.33325e-10	0.836699
4.33517e-10	0.834209
4.33709e-10	0.831702
4.33901e-10	0.82918
4.34093e-10	0.826642
4.34285e-10	0.824088
4.34477e-10	0.821519
4.34669e-10	0.818935
4.34861e-10	0.816335
4.35053e-10	0.813719
4.35245e-10	0.811089
4.35437e-10	0.808443
4.35629e-10	0.805783
4.35821e-10	0.803108
4.36013e-10	0.800417
4.36205e-10	0.797712
4.36397e-10	0.794993
4.36589e-10	0.792259
4.36781e-10	0.78951
4.36973e-10	0.786747
4.37165e-10	0.78397
4.37358e-10	0.781179
4.3755e-10	0.778374
4.37742e-10	0.775555
4.37934e-10	0.772722
4.38126e-10	0.769875
4.38318e-10	0.767015
4.3851e-10	0.76414
4.38702e-10	0.761253
4.38894e-10	0.758352
4.39086e-10	0.755438
4.39278e-10	0.752511
4.3947e-10	0.749571
4.39662e-10	0.746617
4.39854e-10	0.743651
4.40046e-10	0.740672
4.40238e-10	0.737681
4.4043e-10	0.734677
4.40622e-10	0.73166
4.40814e-10	0.728632
4.41006e-10	0.725591
4.41198e-10	0.722537
4.4139e-10	0.719472
4.41582e-10	0.716395
4.41774e-10	0.713306
4.41966e-10	0.710205
4.42158e-10	0.707093
4.4235e-10	0.703969
4.42542e-10	0.700834
4.42734e-10	0.697688
4.42927e-10	0.69453
4.43119e-10	0.691361
4.43311e-10	0.688181
4.43503e-10	0.684991
4.43695e-10	0.681789
4.43887e-10	0.678577
4.44079e-10	0.675355
4.44271e-10	0.672122
4.44463e-10	0.668879
4.44655e-10	0.665625
4.44847e-10	0.662362
4.45039e-10	0.659088
4.45231e-10	0.655805
4.45423e-10	0.652511
4.45615e-10	0.649208
4.45807e-10	0.645896
4.45999e-10	0.642574
4.46191e-10	0.639243
4.46383e-10	0.635902
4.46575e-10	0.632553
4.46767e-10	0.629194
4.46959e-10	0.625827
4.47151e-10	0.62245
4.47343e-10	0.619066
4.47535e-10	0.615672
4.47727e-10	0.61227
4.47919e-10	0.60886
4.48111e-10	0.605442
4.48303e-10	0.602015
4.48496e-10	0.598581
4.48688e-10	0.595138
4.4888e-10	0.591688
4.49072e-10	0.588231
4.49264e-10	0.584765
4.49456e-10	0.581293
4.49648e-10	0.577813
4.4984e-10	0.574325
4.50032e-10	0.570831
4.50224e-10	0.56733
4.50416e-10	0.563822
4.50608e-10	0.560307
4.508e-10	0.556786
4.50992e-10	0.553258
4.51184e-10	0.549723
4.51376e-10	0.546183
4.51568e-10	0.542636
4.5176e-10	0.539083
4.51952e-10	0.535525
4.52144e-10	0.53196
4.52336e-10	0.52839
4.52528e-10	0.524814
4.5272e-10	0.521233
4.52912e-10	0.517646
4.53104e-10	0.514054
4.53296e-10	0.510457
4.53488e-10	0.506855
4.5368e-10	0.503249
4.53872e-10	0.499637
4.54064e-10	0.496021
4.54257e-10	0.4924
4.54449e-10	0.488775
4.54641e-10	0.485145
4.54833e-10	0.481511
4.55025e-10	0.477873
4.55217e-10	0.474231
4.55409e-10	0.470586
4.55601e-10	0.466936
4.55793e-10	0.463283
4.55985e-10	0.459627
4.56177e-10	0.455967
4.56369e-10	0.452304
4.56561e-10	0.448637
4.56753e-10	0.444968
4.56945e-10	0.441296
4.57137e-10	0.43762
4.57329e-10	0.433943
4.57521e-10	0.430262
4.57713e-10	0.426579
4.57905e-10	0.422894
4.58097e-10	0.419206
4.58289e-10	0.415517
4.58481e-10	0.411825
4.58673e-10	0.408132
4.58865e-10	0.404436
4.59057e-10	0.400739
4.59249e-10	0.397041
4.59441e-10	0.393341
4.59633e-10	0.389639
4.59826e-10	0.385937
4.60018e-10	0.382233
4.6021e-10	0.378529
4.60402e-10	0.374823
4.60594e-10	0.371117
4.60786e-10	0.36741
4.60978e-10	0.363702
4.6117e-10	0.359994
4.61362e-10	0.356286
4.61554e-10	0.352578
4.61746e-10	0.348869
4.61938e-10	0.345161
4.6213e-10	0.341452
4.62322e-10	0.337744
4.62514e-10	0.334037
4.62706e-10	0.330329
4.62898e-10	0.326623
4.6309e-10	0.322916
4.63282e-10	0.319211
4.63474e-10	0.315507
4.63666e-10	0.311804
4.63858e-10	0.308101
4.6405e-10	0.3044
4.64242e-10	0.300701
4.64434e-10	0.297003
4.64626e-10	0.293306
4.64818e-10	0.289611
4.6501e-10	0.285918
4.65202e-10	0.282227
4.65394e-10	0.278538
4.65587e-10	0.27485
4.65779e-10	0.271165
4.65971e-10	0.267483
4.66163e-10	0.263803
4.66355e-10	0.260125
4.66547e-10	0.25645
4.66739e-10	0.252778
4.66931e-10	0.249108
4.67123e-10	0.245442
4.67315e-10	0.241778
4.67507e-10	0.238118
4.67699e-10	0.234461
4.67891e-10	0.230807
4.68083e-10	0.227157
4.68275e-10	0.22351
4.68467e-10	0.219867
4.68659e-10	0.216228
4.68851e-10	0.212593
4.69043e-10	0.208961
4.69235e-10	0.205334
4.69427e-10	0.201711
4.69619e-10	0.198092
4.69811e-10	0.194478
4.70003e-10	0.190868
4.70195e-10	0.187263
4.70387e-10	0.183662
4.70579e-10	0.180066
4.70771e-10	0.176475
4.70963e-10	0.172889
4.71156e-10	0.169308
4.71348e-10	0.165733
4.7154e-10	0.162162
4.71732e-10	0.158597
4.71924e-10	0.155037
4.72116e-10	0.151483
4.72308e-10	0.147935
4.725e-10	0.144392
4.72692e-10	0.140855
4.72884e-10	0.137325
4.73076e-10	0.1338
4.73268e-10	0.130281
4.7346e-10	0.126769
4.73652e-10	0.123262
4.73844e-10	0.119763
4.74036e-10	0.116269
4.74228e-10	0.112783
4.7442e-10	0.109303
4.74612e-10	0.10583
4.74804e-10	0.102363
4.74996e-10	0.0989038
4.75188e-10	0.0954514
4.7538e-10	0.0920062
4.75572e-10	0.0885681
4.75764e-10	0.0851374
4.75956e-10	0.0817141
4.76148e-10	0.0782982
4.7634e-10	0.0748899
4.76532e-10	0.0714893
4.76725e-10	0.0680964
4.76917e-10	0.0647113
4.77109e-10	0.0613342
4.77301e-10	0.057965
4.77493e-10	0.0546039
4.77685e-10	0.0512509
4.77877e-10	0.0479062
4.78069e-10	0.0445698
4.78261e-10	0.0412418
4.78453e-10	0.0379223
4.78645e-10	0.0346114
4.78837e-10	0.0313091
4.79029e-10	0.0280155
4.79221e-10	0.0247307
4.79413e-10	0.0214549
4.79605e-10	0.0181879
4.79797e-10	0.0149301
4.79989e-10	0.0116813
4.80181e-10	0.00844171
4.80373e-10	0.0052114
4.80565e-10	0.00199043
4.80757e-10	-0.00122111
4.80949e-10	-0.00442317
4.81141e-10	-0.00761565
4.81333e-10	-0.0107985
4.81525e-10	-0.0139716
4.81717e-10	-0.017135
4.81909e-10	-0.0202885
4.82101e-10	-0.023432
4.82293e-10	-0.0265656
4.82486e-10	-0.0296891
4.82678e-10	-0.0328024
4.8287e-10	-0.0359055
4.83062e-10	-0.0389984
4.83254e-10	-0.0420809
4.83446e-10	-0.045153
4.83638e-10	-0.0482146
4.8383e-10	-0.0512657
4.84022e-10	-0.0543061
4.84214e-10	-0.0573359
4.84406e-10	-0.0603549
4.84598e-10	-0.0633631
4.8479e-10	-0.0663605
4.84982e-10	-0.0693469
4.85174e-10	-0.0723223
4.85366e-10	-0.0752867
4.85558e-10	-0.0782399
4.8575e-10	-0.081182
4.85942e-10	-0.0841128
4.86134e-10	-0.0870323
4.86326e-10	-0.0899404
4.86518e-10	-0.0928371
4.8671e-10	-0.0957224
4.86902e-10	-0.0985961
4.87094e-10	-0.101458
4.87286e-10	-0.104309
4.87478e-10	-0.107147
4.8767e-10	-0.109974
4.87862e-10	-0.11279
4.88055e-10	-0.115593
4.88247e-10	-0.118384
4.88439e-10	-0.121164
4.88631e-10	-0.123931
4.88823e-10	-0.126686
4.89015e-10	-0.129429
4.89207e-10	-0.13216
4.89399e-10	-0.134879
4.89591e-10	-0.137586
4.89783e-10	-0.14028
4.89975e-10	-0.142962
4.90167e-10	-0.145631
4.90359e-10	-0.148288
4.90551e-10	-0.150932
4.90743e-10	-0.153564
4.90935e-10	-0.156183
4.91127e-10	-0.15879
4.91319e-10	-0.161383
4.91511e-10	-0.163964
4.91703e-10	-0.166533
4.91895e-10	-0.169088
4.92087e-10	-0.171631
4.92279e-10	-0.17416
4.92471e-10	-0.176677
4.92663e-10	-0.179181
4.92855e-10	-0.181671
4.93047e-10	-0.184149
4.93239e-10	-0.186613
4.93431e-10	-0.189065
4.93624e-10	-0.191503
4.93816e-10	-0.193928
4.94008e-10	-0.19634
4.942e-10	-0.198738
4.94392e-10	-0.201123
4.94584e-10	-0.203495
4.94776e-10	-0.205853
4.94968e-10	-0.208198
4.9516e-10	-0.210529
4.95352e-10	-0.212847
4.95544e-10	-0.215151
4.95736e-10	-0.217442
4.95928e-10	-0.21972
4.9612e-10	-0.221983
4.96312e-10	-0.224233
4.96504e-10	-0.226469
4.96696e-10	-0.228692
4.96888e-10	-0.230901
4.9708e-10	-0.233096
4.97272e-10	-0.235277
4.97464e-10	-0.237445
4.97656e-10	-0.239599
4.97848e-10	-0.241739
4.9804e-10	-0.243865
4.98232e-10	-0.245977
4.98424e-10	-0.248075
4.98616e-10	-0.250159
4.98808e-10	-0.252229
4.99e-10	-0.254286
4.99192e-10	-0.256328
4.99385e-10	-0.258356
4.99577e-10	-0.26037
4.99769e-10	-0.26237
4.99961e-10	-0.264357
5.00153e-10	-0.266328
5.00345e-10	-0.268286
5.00537e-10	-0.27023
5.00729e-10	-0.27216
5.00921e-10	-0.274075
5.01113e-10	-0.275976
5.01305e-10	-0.277863
5.01497e-10	-0.279736
5.01689e-10	-0.281595
5.01881e-10	-0.283439
5.02073e-10	-0.285269
5.02265e-10	-0.287085
5.02457e-10	-0.288887
5.02649e-10	-0.290674
5.02841e-10	-0.292447
5.03033e-10	-0.294206
5.03225e-10	-0.295951
5.03417e-10	-0.297681
5.03609e-10	-0.299397
5.03801e-10	-0.301098
5.03993e-10	-0.302786
5.04185e-10	-0.304459
5.04377e-10	-0.306117
5.04569e-10	-0.307762
5.04761e-10	-0.309391
5.04954e-10	-0.311007
5.05146e-10	-0.312608
5.05338e-10	-0.314195
5.0553e-10	-0.315768
5.05722e-10	-0.317326
5.05914e-10	-0.31887
5.06106e-10	-0.320399
5.06298e-10	-0.321914
5.0649e-10	-0.323415
5.06682e-10	-0.324902
5.06874e-10	-0.326374
5.07066e-10	-0.327832
5.07258e-10	-0.329275
5.0745e-10	-0.330704
5.07642e-10	-0.332119
5.07834e-10	-0.333519
5.08026e-10	-0.334906
5.08218e-10	-0.336277
5.0841e-10	-0.337635
5.08602e-10	-0.338978
5.08794e-10	-0.340307
5.08986e-10	-0.341622
5.09178e-10	-0.342922
5.0937e-10	-0.344208
5.09562e-10	-0.34548
5.09754e-10	-0.346737
5.09946e-10	-0.347981
5.10138e-10	-0.34921
5.1033e-10	-0.350425
5.10522e-10	-0.351626
5.10715e-10	-0.352812
5.10907e-10	-0.353984
5.11099e-10	-0.355143
5.11291e-10	-0.356287
5.11483e-10	-0.357417
5.11675e-10	-0.358532
5.11867e-10	-0.359634
5.12059e-10	-0.360722
5.12251e-10	-0.361795
5.12443e-10	-0.362855
5.12635e-10	-0.3639
5.12827e-10	-0.364931
5.13019e-10	-0.365949
5.13211e-10	-0.366952
5.13403e-10	-0.367942
5.13595e-10	-0.368917
5.13787e-10	-0.369879
5.13979e-10	-0.370826
5.14171e-10	-0.37176
5.14363e-10	-0.37268
5.14555e-10	-0.373586
5.14747e-10	-0.374479
5.14939e-10	-0.375357
5.15131e-10	-0.376222
5.15323e-10	-0.377073
5.15515e-10	-0.37791
5.15707e-10	-0.378734
5.15899e-10	-0.379543
5.16091e-10	-0.38034
5.16284e-10	-0.381122
5.16476e-10	-0.381891
5.16668e-10	-0.382647
5.1686e-10	-0.383389
5.17052e-10	-0.384117
5.17244e-10	-0.384832
5.17436e-10	-0.385534
5.17628e-10	-0.386222
5.1782e-10	-0.386896
5.18012e-10	-0.387558
5.18204e-10	-0.388205
5.18396e-10	-0.38884
5.18588e-10	-0.389461
5.1878e-10	-0.39007
5.18972e-10	-0.390664
5.19164e-10	-0.391246
5.19356e-10	-0.391815
5.19548e-10	-0.39237
5.1974e-10	-0.392913
5.19932e-10	-0.393442
5.20124e-10	-0.393958
5.20316e-10	-0.394461
5.20508e-10	-0.394952
5.207e-10	-0.395429
5.20892e-10	-0.395894
5.21084e-10	-0.396346
5.21276e-10	-0.396785
5.21468e-10	-0.397211
5.2166e-10	-0.397624
5.21853e-10	-0.398025
5.22045e-10	-0.398413
5.22237e-10	-0.398788
5.22429e-10	-0.399151
5.22621e-10	-0.399502
5.22813e-10	-0.399839
5.23005e-10	-0.400165
5.23197e-10	-0.400478
5.23389e-10	-0.400778
5.23581e-10	-0.401066
5.23773e-10	-0.401342
5.23965e-10	-0.401606
5.24157e-10	-0.401857
5.24349e-10	-0.402096
5.24541e-10	-0.402324
5.24733e-10	-0.402539
5.24925e-10	-0.402741
5.25117e-10	-0.402932
5.25309e-10	-0.403111
5.25501e-10	-0.403278
5.25693e-10	-0.403433
5.25885e-10	-0.403577
5.26077e-10	-0.403708
5.26269e-10	-0.403828
5.26461e-10	-0.403936
5.26653e-10	-0.404032
5.26845e-10	-0.404117
5.27037e-10	-0.40419
5.27229e-10	-0.404252
5.27421e-10	-0.404302
5.27614e-10	-0.404341
5.27806e-10	-0.404368
5.27998e-10	-0.404384
5.2819e-10	-0.404389
5.28382e-10	-0.404382
5.28574e-10	-0.404365
5.28766e-10	-0.404336
5.28958e-10	-0.404296
5.2915e-10	-0.404245
5.29342e-10	-0.404183
5.29534e-10	-0.40411
5.29726e-10	-0.404026
5.29918e-10	-0.403931
5.3011e-10	-0.403825
5.30302e-10	-0.403709
5.30494e-10	-0.403582
5.30686e-10	-0.403444
5.30878e-10	-0.403296
5.3107e-10	-0.403137
5.31262e-10	-0.402968
5.31454e-10	-0.402788
5.31646e-10	-0.402597
5.31838e-10	-0.402397
5.3203e-10	-0.402186
5.32222e-10	-0.401965
5.32414e-10	-0.401733
5.32606e-10	-0.401492
5.32798e-10	-0.40124
5.3299e-10	-0.400979
5.33183e-10	-0.400707
5.33375e-10	-0.400425
5.33567e-10	-0.400134
5.33759e-10	-0.399832
5.33951e-10	-0.399521
5.34143e-10	-0.3992
5.34335e-10	-0.39887
5.34527e-10	-0.39853
5.34719e-10	-0.39818
5.34911e-10	-0.397821
5.35103e-10	-0.397452
5.35295e-10	-0.397074
5.35487e-10	-0.396687
5.35679e-10	-0.39629
5.35871e-10	-0.395884
5.36063e-10	-0.395469
5.36255e-10	-0.395045
5.36447e-10	-0.394611
5.36639e-10	-0.394169
5.36831e-10	-0.393718
5.37023e-10	-0.393257
5.37215e-10	-0.392788
5.37407e-10	-0.39231
5.37599e-10	-0.391824
5.37791e-10	-0.391328
5.37983e-10	-0.390824
5.38175e-10	-0.390312
5.38367e-10	-0.389791
5.38559e-10	-0.389261
5.38752e-10	-0.388723
5.38944e-10	-0.388177
5.39136e-10	-0.387622
5.39328e-10	-0.387059
5.3952e-10	-0.386488
5.39712e-10	-0.385909
5.39904e-10	-0.385322
5.40096e-10	-0.384727
5.40288e-10	-0.384124
5.4048e-10	-0.383512
5.40672e-10	-0.382894
5.40864e-10	-0.382267
5.41056e-10	-0.381632
5.41248e-10	-0.38099
5.4144e-10	-0.380341
5.41632e-10	-0.379683
5.41824e-10	-0.379019
5.42016e-10	-0.378346
5.42208e-10	-0.377667
5.424e-10	-0.37698
5.42592e-10	-0.376286
5.42784e-10	-0.375584
5.42976e-10	-0.374876
5.43168e-10	-0.37416
5.4336e-10	-0.373437
5.43552e-10	-0.372708
5.43744e-10	-0.371971
5.43936e-10	-0.371228
5.44128e-10	-0.370477
5.4432e-10	-0.36972
5.44513e-10	-0.368957
5.44705e-10	-0.368186
5.44897e-10	-0.367409
5.45089e-10	-0.366626
5.45281e-10	-0.365836
5.45473e-10	-0.36504
5.45665e-10	-0.364237
5.45857e-10	-0.363428
5.46049e-10	-0.362613
5.46241e-10	-0.361792
5.46433e-10	-0.360964
5.46625e-10	-0.360131
5.46817e-10	-0.359291
5.47009e-10	-0.358446
5.47201e-10	-0.357594
5.47393e-10	-0.356737
5.47585e-10	-0.355874
5.47777e-10	-0.355006
5.47969e-10	-0.354131
5.48161e-10	-0.353251
5.48353e-10	-0.352366
5.48545e-10	-0.351475
5.48737e-10	-0.350579
5.48929e-10	-0.349677
5.49121e-10	-0.34877
5.49313e-10	-0.347857
5.49505e-10	-0.34694
5.49697e-10	-0.346017
5.49889e-10	-0.34509
5.50082e-10	-0.344157
5.50274e-10	-0.343219
5.50466e-10	-0.342276
5.50658e-10	-0.341329
5.5085e-10	-0.340377
5.51042e-10	-0.339419
5.51234e-10	-0.338458
5.51426e-10	-0.337491
5.51618e-10	-0.33652
5.5181e-10	-0.335545
5.52002e-10	-0.334565
5.52194e-10	-0.333581
5.52386e-10	-0.332592
5.52578e-10	-0.331599
5.5277e-10	-0.330602
5.52962e-10	-0.3296
5.53154e-10	-0.328595
5.53346e-10	-0.327585
5.53538e-10	-0.326571
5.5373e-10	-0.325554
5.53922e-10	-0.324532
5.54114e-10	-0.323507
5.54306e-10	-0.322477
5.54498e-10	-0.321444
5.5469e-10	-0.320408
5.54882e-10	-0.319368
5.55074e-10	-0.318324
5.55266e-10	-0.317276
5.55458e-10	-0.316225
5.5565e-10	-0.315171
5.55843e-10	-0.314114
5.56035e-10	-0.313053
5.56227e-10	-0.311988
5.56419e-10	-0.310921
5.56611e-10	-0.30985
5.56803e-10	-0.308777
5.56995e-10	-0.3077
5.57187e-10	-0.30662
5.57379e-10	-0.305538
5.57571e-10	-0.304452
5.57763e-10	-0.303364
5.57955e-10	-0.302273
5.58147e-10	-0.301179
5.58339e-10	-0.300082
5.58531e-10	-0.298983
5.58723e-10	-0.297881
5.58915e-10	-0.296777
5.59107e-10	-0.29567
5.59299e-10	-0.294561
5.59491e-10	-0.293449
5.59683e-10	-0.292336
5.59875e-10	-0.291219
5.60067e-10	-0.290101
5.60259e-10	-0.288981
5.60451e-10	-0.287858
5.60643e-10	-0.286733
5.60835e-10	-0.285607
5.61027e-10	-0.284478
5.61219e-10	-0.283347
5.61412e-10	-0.282215
5.61604e-10	-0.281081
5.61796e-10	-0.279945
5.61988e-10	-0.278807
5.6218e-10	-0.277667
5.62372e-10	-0.276526
5.62564e-10	-0.275384
5.62756e-10	-0.27424
5.62948e-10	-0.273094
5.6314e-10	-0.271947
5.63332e-10	-0.270798
5.63524e-10	-0.269649
5.63716e-10	-0.268498
5.63908e-10	-0.267345
5.641e-10	-0.266192
5.64292e-10	-0.265037
5.64484e-10	-0.263882
5.64676e-10	-0.262725
5.64868e-10	-0.261567
5.6506e-10	-0.260408
5.65252e-10	-0.259249
5.65444e-10	-0.258088
5.65636e-10	-0.256927
5.65828e-10	-0.255765
5.6602e-10	-0.254602
5.66212e-10	-0.253438
5.66404e-10	-0.252274
5.66596e-10	-0.251109
5.66788e-10	-0.249944
5.66981e-10	-0.248778
5.67173e-10	-0.247612
5.67365e-10	-0.246445
5.67557e-10	-0.245278
5.67749e-10	-0.244111
5.67941e-10	-0.242943
5.68133e-10	-0.241775
5.68325e-10	-0.240607
5.68517e-10	-0.239438
5.68709e-10	-0.23827
5.68901e-10	-0.237101
5.69093e-10	-0.235932
5.69285e-10	-0.234764
5.69477e-10	-0.233595
5.69669e-10	-0.232427
5.69861e-10	-0.231258
5.70053e-10	-0.23009
5.70245e-10	-0.228922
5.70437e-10	-0.227754
5.70629e-10	-0.226587
5.70821e-10	-0.22542
5.71013e-10	-0.224253
5.71205e-10	-0.223087
5.71397e-10	-0.221921
5.71589e-10	-0.220755
5.71781e-10	-0.21959
5.71973e-10	-0.218426
5.72165e-10	-0.217262
5.72357e-10	-0.216099
5.72549e-10	-0.214936
5.72742e-10	-0.213774
5.72934e-10	-0.212613
5.73126e-10	-0.211453
5.73318e-10	-0.210294
5.7351e-10	-0.209135
5.73702e-10	-0.207977
5.73894e-10	-0.206821
5.74086e-10	-0.205665
5.74278e-10	-0.20451
5.7447e-10	-0.203356
5.74662e-10	-0.202203
5.74854e-10	-0.201052
5.75046e-10	-0.199901
5.75238e-10	-0.198752
5.7543e-10	-0.197604
5.75622e-10	-0.196457
5.75814e-10	-0.195311
5.76006e-10	-0.194167
5.76198e-10	-0.193024
5.7639e-10	-0.191883
5.76582e-10	-0.190742
5.76774e-10	-0.189604
5.76966e-10	-0.188466
5.77158e-10	-0.187331
5.7735e-10	-0.186196
5.77542e-10	-0.185064
5.77734e-10	-0.183933
5.77926e-10	-0.182803
5.78118e-10	-0.181675
5.78311e-10	-0.180549
5.78503e-10	-0.179425
5.78695e-10	-0.178302
5.78887e-10	-0.177181
5.79079e-10	-0.176062
5.79271e-10	-0.174945
5.79463e-10	-0.17383
5.79655e-10	-0.172716
5.79847e-10	-0.171605
5.80039e-10	-0.170495
5.80231e-10	-0.169388
5.80423e-10	-0.168282
5.80615e-10	-0.167179
5.80807e-10	-0.166077
5.80999e-10	-0.164978
5.81191e-10	-0.16388
5.81383e-10	-0.162785
5.81575e-10	-0.161692
5.81767e-10	-0.160601
5.81959e-10	-0.159513
5.82151e-10	-0.158427
5.82343e-10	-0.157343
5.82535e-10	-0.156261
5.82727e-10	-0.155182
5.82919e-10	-0.154104
5.83111e-10	-0.15303
5.83303e-10	-0.151957
5.83495e-10	-0.150888
5.83687e-10	-0.14982
5.8388e-10	-0.148755
5.84072e-10	-0.147693
5.84264e-10	-0.146633
5.84456e-10	-0.145575
5.84648e-10	-0.144521
5.8484e-10	-0.143468
5.85032e-10	-0.142419
5.85224e-10	-0.141372
5.85416e-10	-0.140327
5.85608e-10	-0.139286
5.858e-10	-0.138247
5.85992e-10	-0.13721
5.86184e-10	-0.136177
5.86376e-10	-0.135146
5.86568e-10	-0.134118
5.8676e-10	-0.133093
5.86952e-10	-0.13207
5.87144e-10	-0.131051
5.87336e-10	-0.130034
5.87528e-10	-0.12902
5.8772e-10	-0.128009
5.87912e-10	-0.127001
5.88104e-10	-0.125996
5.88296e-10	-0.124994
5.88488e-10	-0.123994
5.8868e-10	-0.122998
5.88872e-10	-0.122005
5.89064e-10	-0.121015
5.89256e-10	-0.120028
5.89448e-10	-0.119043
5.89641e-10	-0.118062
5.89833e-10	-0.117084
5.90025e-10	-0.116109
5.90217e-10	-0.115138
5.90409e-10	-0.114169
5.90601e-10	-0.113203
5.90793e-10	-0.112241
5.90985e-10	-0.111282
5.91177e-10	-0.110326
5.91369e-10	-0.109373
5.91561e-10	-0.108424
5.91753e-10	-0.107477
5.91945e-10	-0.106534
5.92137e-10	-0.105595
5.92329e-10	-0.104658
5.92521e-10	-0.103725
5.92713e-10	-0.102795
5.92905e-10	-0.101868
5.93097e-10	-0.100945
5.93289e-10	-0.100025
5.93481e-10	-0.0991084
5.93673e-10	-0.0981952
5.93865e-10	-0.0972853
5.94057e-10	-0.0963788
5.94249e-10	-0.0954757
5.94441e-10	-0.0945761
5.94633e-10	-0.0936798
5.94825e-10	-0.092787
5.95017e-10	-0.0918977
5.9521e-10	-0.0910117
5.95402e-10	-0.0901293
5.95594e-10	-0.0892503
5.95786e-10	-0.0883748
5.95978e-10	-0.0875028
5.9617e-10	-0.0866343
5.96362e-10	-0.0857693
5.96554e-10	-0.0849078
5.96746e-10	-0.0840499
5.96938e-10	-0.0831954
5.9713e-10	-0.0823446
5.97322e-10	-0.0814972
5.97514e-10	-0.0806535
5.97706e-10	-0.0798133
5.97898e-10	-0.0789767
5.9809e-10	-0.0781436
5.98282e-10	-0.0773142
5.98474e-10	-0.0764883
5.98666e-10	-0.0756661
5.98858e-10	-0.0748474
5.9905e-10	-0.0740324
5.99242e-10	-0.073221
5.99434e-10	-0.0724132
5.99626e-10	-0.071609
5.99818e-10	-0.0708085
6.0001e-10	-0.0700117
6.00202e-10	-0.0692184
6.00394e-10	-0.0684289
6.00586e-10	-0.067643
6.00778e-10	-0.0668607
6.00971e-10	-0.0660821
6.01163e-10	-0.0653072
6.01355e-10	-0.064536
6.01547e-10	-0.0637685
6.01739e-10	-0.0630046
6.01931e-10	-0.0622444
6.02123e-10	-0.0614879
6.02315e-10	-0.0607351
6.02507e-10	-0.059986
6.02699e-10	-0.0592406
6.02891e-10	-0.0584989
6.03083e-10	-0.0577609
6.03275e-10	-0.0570266
6.03467e-10	-0.056296
6.03659e-10	-0.0555692
6.03851e-10	-0.054846
6.04043e-10	-0.0541266
6.04235e-10	-0.0534108
6.04427e-10	-0.0526988
6.04619e-10	-0.0519905
6.04811e-10	-0.0512859
6.05003e-10	-0.0505851
6.05195e-10	-0.0498879
6.05387e-10	-0.0491945
6.05579e-10	-0.0485048
6.05771e-10	-0.0478188
6.05963e-10	-0.0471366
6.06155e-10	-0.046458
6.06347e-10	-0.0457832
6.0654e-10	-0.0451121
6.06732e-10	-0.0444447
6.06924e-10	-0.043781
6.07116e-10	-0.0431211
6.07308e-10	-0.0424648
6.075e-10	-0.0418123
6.07692e-10	-0.0411635
6.07884e-10	-0.0405184
6.08076e-10	-0.039877
6.08268e-10	-0.0392393
6.0846e-10	-0.0386054
6.08652e-10	-0.0379751
6.08844e-10	-0.0373485
6.09036e-10	-0.0367257
6.09228e-10	-0.0361065
6.0942e-10	-0.035491
6.09612e-10	-0.0348792
6.09804e-10	-0.0342711
6.09996e-10	-0.0336667
6.10188e-10	-0.033066
6.1038e-10	-0.0324689
6.10572e-10	-0.0318755
6.10764e-10	-0.0312858
6.10956e-10	-0.0306997
6.11148e-10	-0.0301174
6.1134e-10	-0.0295386
6.11532e-10	-0.0289636
6.11724e-10	-0.0283921
6.11916e-10	-0.0278244
6.12109e-10	-0.0272602
6.12301e-10	-0.0266997
6.12493e-10	-0.0261428
6.12685e-10	-0.0255896
6.12877e-10	-0.02504
6.13069e-10	-0.024494
6.13261e-10	-0.0239516
6.13453e-10	-0.0234128
6.13645e-10	-0.0228776
6.13837e-10	-0.022346
6.14029e-10	-0.021818
6.14221e-10	-0.0212936
6.14413e-10	-0.0207727
6.14605e-10	-0.0202554
6.14797e-10	-0.0197417
6.14989e-10	-0.0192316
6.15181e-10	-0.018725
6.15373e-10	-0.0182219
6.15565e-10	-0.0177224
6.15757e-10	-0.0172264
6.15949e-10	-0.0167339
6.16141e-10	-0.016245
6.16333e-10	-0.0157595
6.16525e-10	-0.0152776
6.16717e-10	-0.0147992
6.16909e-10	-0.0143242
6.17101e-10	-0.0138527
6.17293e-10	-0.0133847
6.17485e-10	-0.0129202
6.17677e-10	-0.0124591
6.1787e-10	-0.0120015
6.18062e-10	-0.0115473
6.18254e-10	-0.0110965
6.18446e-10	-0.0106492
6.18638e-10	-0.0102053
6.1883e-10	-0.0097648
6.19022e-10	-0.00932769
6.19214e-10	-0.00889398
6.19406e-10	-0.00846366
6.19598e-10	-0.0080367
6.1979e-10	-0.00761312
6.19982e-10	-0.00719289
6.20174e-10	-0.006776
6.20366e-10	-0.00636246
6.20558e-10	-0.00595224
6.2075e-10	-0.00554535
6.20942e-10	-0.00514176
6.21134e-10	-0.00474148
6.21326e-10	-0.00434449
6.21518e-10	-0.00395078
6.2171e-10	-0.00356035
6.21902e-10	-0.00317318
6.22094e-10	-0.00278926
6.22286e-10	-0.00240859
6.22478e-10	-0.00203115
6.2267e-10	-0.00165693
6.22862e-10	-0.00128593
6.23054e-10	-0.000918135
6.23246e-10	-0.000553531
6.23439e-10	-0.00019211
6.23631e-10	0.000166137
6.23823e-10	0.000521221
6.24015e-10	0.000873154
6.24207e-10	0.00122194
6.24399e-10	0.0015676
6.24591e-10	0.00191014
6.24783e-10	0.00224957
6.24975e-10	0.0025859
6.25167e-10	0.00291914
6.25359e-10	0.0032493
6.25551e-10	0.0035764
6.25743e-10	0.00390044
6.25935e-10	0.00422143
6.26127e-10	0.0045394
6.26319e-10	0.00485434
6.26511e-10	0.00516626
6.26703e-10	0.00547519
6.26895e-10	0.00578113
6.27087e-10	0.00608409
6.27279e-10	0.00638409
6.27471e-10	0.00668113
6.27663e-10	0.00697523
6.27855e-10	0.00726639
6.28047e-10	0.00755464
6.28239e-10	0.00783997
6.28431e-10	0.00812241
6.28623e-10	0.00840197
6.28815e-10	0.00867865
6.29008e-10	0.00895247
6.292e-10	0.00922344
6.29392e-10	0.00949157
6.29584e-10	0.00975687
6.29776e-10	0.0100194
6.29968e-10	0.0102791
6.3016e-10	0.0105359
6.30352e-10	0.0107901
6.30544e-10	0.0110414
6.30736e-10	0.01129
6.30928e-10	0.0115359
6.3112e-10	0.011779
6.31312e-10	0.0120194
6.31504e-10	0.0122571
6.31696e-10	0.0124921
6.31888e-10	0.0127245
6.3208e-10	0.0129541
6.32272e-10	0.0131811
6.32464e-10	0.0134055
6.32656e-10	0.0136272
6.32848e-10	0.0138463
6.3304e-10	0.0140628
6.33232e-10	0.0142767
6.33424e-10	0.0144881
6.33616e-10	0.0146968
6.33808e-10	0.014903
6.34e-10	0.0151067
6.34192e-10	0.0153078
6.34384e-10	0.0155064
6.34576e-10	0.0157025
6.34769e-10	0.0158961
6.34961e-10	0.0160872
6.35153e-10	0.0162759
6.35345e-10	0.0164621
6.35537e-10	0.0166459
6.35729e-10	0.0168272
6.35921e-10	0.0170061
6.36113e-10	0.0171826
6.36305e-10	0.0173567
6.36497e-10	0.0175284
6.36689e-10	0.0176978
6.36881e-10	0.0178648
6.37073e-10	0.0180295
6.37265e-10	0.0181918
6.37457e-10	0.0183518
6.37649e-10	0.0185095
6.37841e-10	0.018665
6.38033e-10	0.0188181
6.38225e-10	0.018969
6.38417e-10	0.0191176
6.38609e-10	0.019264
6.38801e-10	0.0194082
6.38993e-10	0.0195501
6.39185e-10	0.0196899
6.39377e-10	0.0198274
6.39569e-10	0.0199628
6.39761e-10	0.0200961
6.39953e-10	0.0202271
6.40145e-10	0.0203561
6.40338e-10	0.0204829
6.4053e-10	0.0206076
6.40722e-10	0.0207302
6.40914e-10	0.0208507
6.41106e-10	0.0209691
6.41298e-10	0.0210855
6.4149e-10	0.0211998
6.41682e-10	0.0213121
6.41874e-10	0.0214224
6.42066e-10	0.0215307
6.42258e-10	0.0216369
6.4245e-10	0.0217412
6.42642e-10	0.0218435
6.42834e-10	0.0219439
6.43026e-10	0.0220423
6.43218e-10	0.0221388
6.4341e-10	0.0222333
6.43602e-10	0.022326
6.43794e-10	0.0224167
6.43986e-10	0.0225056
6.44178e-10	0.0225926
6.4437e-10	0.0226777
6.44562e-10	0.022761
6.44754e-10	0.0228424
6.44946e-10	0.0229221
6.45138e-10	0.0229999
6.4533e-10	0.0230759
6.45522e-10	0.0231502
6.45714e-10	0.0232227
6.45906e-10	0.0232934
6.46099e-10	0.0233624
6.46291e-10	0.0234296
6.46483e-10	0.0234951
6.46675e-10	0.023559
6.46867e-10	0.0236211
6.47059e-10	0.0236815
6.47251e-10	0.0237403
6.47443e-10	0.0237974
6.47635e-10	0.0238528
6.47827e-10	0.0239066
6.48019e-10	0.0239588
6.48211e-10	0.0240094
6.48403e-10	0.0240584
6.48595e-10	0.0241058
6.48787e-10	0.0241517
6.48979e-10	0.0241959
6.49171e-10	0.0242386
6.49363e-10	0.0242798
6.49555e-10	0.0243195
6.49747e-10	0.0243576
6.49939e-10	0.0243942
6.50131e-10	0.0244294
6.50323e-10	0.0244631
6.50515e-10	0.0244953
6.50707e-10	0.024526
6.50899e-10	0.0245553
6.51091e-10	0.0245832
6.51283e-10	0.0246097
6.51475e-10	0.0246347
6.51668e-10	0.0246584
6.5186e-10	0.0246806
6.52052e-10	0.0247015
6.52244e-10	0.024721
6.52436e-10	0.0247392
6.52628e-10	0.0247561
6.5282e-10	0.0247716
6.53012e-10	0.0247858
6.53204e-10	0.0247987
6.53396e-10	0.0248103
6.53588e-10	0.0248206
6.5378e-10	0.0248297
6.53972e-10	0.0248375
6.54164e-10	0.024844
6.54356e-10	0.0248493
6.54548e-10	0.0248534
6.5474e-10	0.0248563
6.54932e-10	0.024858
6.55124e-10	0.0248585
6.55316e-10	0.0248578
6.55508e-10	0.0248559
6.557e-10	0.0248529
6.55892e-10	0.0248487
6.56084e-10	0.0248434
6.56276e-10	0.0248369
6.56468e-10	0.0248294
6.5666e-10	0.0248207
6.56852e-10	0.024811
6.57044e-10	0.0248001
6.57237e-10	0.0247882
6.57429e-10	0.0247752
6.57621e-10	0.0247612
6.57813e-10	0.0247461
6.58005e-10	0.0247301
6.58197e-10	0.0247129
6.58389e-10	0.0246948
6.58581e-10	0.0246757
6.58773e-10	0.0246556
6.58965e-10	0.0246345
6.59157e-10	0.0246124
6.59349e-10	0.0245894
6.59541e-10	0.0245654
6.59733e-10	0.0245405
6.59925e-10	0.0245147
6.60117e-10	0.0244879
6.60309e-10	0.0244603
6.60501e-10	0.0244317
6.60693e-10	0.0244022
6.60885e-10	0.0243719
6.61077e-10	0.0243407
6.61269e-10	0.0243087
6.61461e-10	0.0242757
6.61653e-10	0.024242
6.61845e-10	0.0242074
6.62037e-10	0.024172
6.62229e-10	0.0241358
6.62421e-10	0.0240988
6.62613e-10	0.024061
6.62805e-10	0.0240224
6.62998e-10	0.0239831
6.6319e-10	0.0239429
6.63382e-10	0.0239021
6.63574e-10	0.0238604
6.63766e-10	0.0238181
6.63958e-10	0.023775
6.6415e-10	0.0237312
6.64342e-10	0.0236867
6.64534e-10	0.0236414
6.64726e-10	0.0235955
6.64918e-10	0.0235489
6.6511e-10	0.0235017
6.65302e-10	0.0234538
6.65494e-10	0.0234052
6.65686e-10	0.0233559
6.65878e-10	0.0233061
6.6607e-10	0.0232556
6.66262e-10	0.0232044
6.66454e-10	0.0231527
6.66646e-10	0.0231004
6.66838e-10	0.0230474
6.6703e-10	0.0229939
6.67222e-10	0.0229398
6.67414e-10	0.0228851
6.67606e-10	0.0228299
6.67798e-10	0.0227741
6.6799e-10	0.0227178
6.68182e-10	0.0226609
6.68374e-10	0.0226035
6.68567e-10	0.0225455
6.68759e-10	0.0224871
6.68951e-10	0.0224281
6.69143e-10	0.0223687
6.69335e-10	0.0223088
6.69527e-10	0.0222483
6.69719e-10	0.0221874
6.69911e-10	0.0221261
6.70103e-10	0.0220642
6.70295e-10	0.022002
6.70487e-10	0.0219392
6.70679e-10	0.0218761
6.70871e-10	0.0218125
6.71063e-10	0.0217485
6.71255e-10	0.0216841
6.71447e-10	0.0216192
6.71639e-10	0.021554
6.71831e-10	0.0214884
6.72023e-10	0.0214224
6.72215e-10	0.021356
6.72407e-10	0.0212892
6.72599e-10	0.0212221
6.72791e-10	0.0211546
6.72983e-10	0.0210867
6.73175e-10	0.0210186
6.73367e-10	0.02095
6.73559e-10	0.0208812
6.73751e-10	0.020812
6.73943e-10	0.0207425
6.74136e-10	0.0206727
6.74328e-10	0.0206026
6.7452e-10	0.0205322
6.74712e-10	0.0204615
6.74904e-10	0.0203906
6.75096e-10	0.0203193
6.75288e-10	0.0202478
6.7548e-10	0.020176
6.75672e-10	0.0201039
6.75864e-10	0.0200316
6.76056e-10	0.0199591
6.76248e-10	0.0198863
6.7644e-10	0.0198133
6.76632e-10	0.0197401
6.76824e-10	0.0196666
6.77016e-10	0.0195929
6.77208e-10	0.019519
6.774e-10	0.0194449
6.77592e-10	0.0193706
6.77784e-10	0.0192961
6.77976e-10	0.0192214
6.78168e-10	0.0191466
6.7836e-10	0.0190716
6.78552e-10	0.0189964
6.78744e-10	0.018921
6.78936e-10	0.0188455
6.79128e-10	0.0187698
6.7932e-10	0.018694
6.79512e-10	0.018618
6.79704e-10	0.0185419
6.79897e-10	0.0184657
6.80089e-10	0.0183893
6.80281e-10	0.0183128
6.80473e-10	0.0182362
6.80665e-10	0.0181595
6.80857e-10	0.0180827
6.81049e-10	0.0180058
6.81241e-10	0.0179288
6.81433e-10	0.0178517
6.81625e-10	0.0177745
6.81817e-10	0.0176972
6.82009e-10	0.0176199
6.82201e-10	0.0175425
6.82393e-10	0.017465
6.82585e-10	0.0173874
6.82777e-10	0.0173098
6.82969e-10	0.0172322
6.83161e-10	0.0171545
6.83353e-10	0.0170767
6.83545e-10	0.016999
6.83737e-10	0.0169211
6.83929e-10	0.0168433
6.84121e-10	0.0167654
6.84313e-10	0.0166875
6.84505e-10	0.0166096
6.84697e-10	0.0165317
6.84889e-10	0.0164538
6.85081e-10	0.0163758
6.85273e-10	0.0162979
6.85466e-10	0.0162199
6.85658e-10	0.016142
6.8585e-10	0.0160641
6.86042e-10	0.0159862
6.86234e-10	0.0159083
6.86426e-10	0.0158305
6.86618e-10	0.0157526
6.8681e-10	0.0156749
6.87002e-10	0.0155971
6.87194e-10	0.0155194
6.87386e-10	0.0154417
6.87578e-10	0.0153641
6.8777e-10	0.0152865
6.87962e-10	0.0152089
6.88154e-10	0.0151315
6.88346e-10	0.0150541
6.88538e-10	0.0149767
6.8873e-10	0.0148994
6.88922e-10	0.0148222
6.89114e-10	0.0147451
6.89306e-10	0.014668
6.89498e-10	0.014591
6.8969e-10	0.0145141
6.89882e-10	0.0144373
6.90074e-10	0.0143606
6.90266e-10	0.014284
6.90458e-10	0.0142075
6.9065e-10	0.014131
6.90842e-10	0.0140547
6.91034e-10	0.0139785
6.91227e-10	0.0139024
6.91419e-10	0.0138264
6.91611e-10	0.0137505
6.91803e-10	0.0136747
6.91995e-10	0.0135991
6.92187e-10	0.0135235
6.92379e-10	0.0134481
6.92571e-10	0.0133729
6.92763e-10	0.0132977
6.92955e-10	0.0132227
6.93147e-10	0.0131478
6.93339e-10	0.0130731
6.93531e-10	0.0129985
6.93723e-10	0.0129241
6.93915e-10	0.0128498
6.94107e-10	0.0127756
6.94299e-10	0.0127016
6.94491e-10	0.0126277
6.94683e-10	0.0125541
6.94875e-10	0.0124805
6.95067e-10	0.0124071
6.95259e-10	0.0123339
6.95451e-10	0.0122609
6.95643e-10	0.012188
6.95835e-10	0.0121153
6.96027e-10	0.0120427
6.96219e-10	0.0119704
6.96411e-10	0.0118982
6.96603e-10	0.0118262
6.96796e-10	0.0117543
6.96988e-10	0.0116827
6.9718e-10	0.0116112
6.97372e-10	0.0115399
6.97564e-10	0.0114688
6.97756e-10	0.0113979
6.97948e-10	0.0113272
6.9814e-10	0.0112567
6.98332e-10	0.0111863
6.98524e-10	0.0111162
6.98716e-10	0.0110462
6.98908e-10	0.0109765
6.991e-10	0.010907
6.99292e-10	0.0108376
6.99484e-10	0.0107685
6.99676e-10	0.0106996
6.99868e-10	0.0106309
7.0006e-10	0.0105623
7.00252e-10	0.010494
7.00444e-10	0.010426
7.00636e-10	0.0103581
7.00828e-10	0.0102904
7.0102e-10	0.010223
7.01212e-10	0.0101558
7.01404e-10	0.0100888
7.01596e-10	0.010022
7.01788e-10	0.0099554
7.0198e-10	0.00988906
7.02172e-10	0.00982294
7.02365e-10	0.00975704
7.02557e-10	0.00969137
7.02749e-10	0.00962593
7.02941e-10	0.00956072
7.03133e-10	0.00949574
7.03325e-10	0.00943098
7.03517e-10	0.00936646
7.03709e-10	0.00930218
7.03901e-10	0.00923812
7.04093e-10	0.0091743
7.04285e-10	0.00911072
7.04477e-10	0.00904737
7.04669e-10	0.00898426
7.04861e-10	0.00892139
7.05053e-10	0.00885875
7.05245e-10	0.00879636
7.05437e-10	0.00873421
7.05629e-10	0.0086723
7.05821e-10	0.00861063
7.06013e-10	0.0085492
7.06205e-10	0.00848802
7.06397e-10	0.00842709
7.06589e-10	0.00836639
7.06781e-10	0.00830595
7.06973e-10	0.00824575
7.07165e-10	0.0081858
7.07357e-10	0.0081261
7.07549e-10	0.00806664
7.07741e-10	0.00800743
7.07933e-10	0.00794848
7.08126e-10	0.00788977
7.08318e-10	0.00783131
7.0851e-10	0.00777311
7.08702e-10	0.00771515
7.08894e-10	0.00765745
7.09086e-10	0.0076
7.09278e-10	0.00754281
7.0947e-10	0.00748586
7.09662e-10	0.00742917
7.09854e-10	0.00737274
7.10046e-10	0.00731655
7.10238e-10	0.00726063
7.1043e-10	0.00720495
7.10622e-10	0.00714954
7.10814e-10	0.00709437
7.11006e-10	0.00703947
7.11198e-10	0.00698482
7.1139e-10	0.00693042
7.11582e-10	0.00687628
7.11774e-10	0.0068224
7.11966e-10	0.00676877
7.12158e-10	0.0067154
7.1235e-10	0.00666229
7.12542e-10	0.00660944
7.12734e-10	0.00655684
7.12926e-10	0.0065045
7.13118e-10	0.00645241
7.1331e-10	0.00640059
7.13502e-10	0.00634902
7.13695e-10	0.00629771
7.13887e-10	0.00624665
7.14079e-10	0.00619585
7.14271e-10	0.00614531
7.14463e-10	0.00609503
7.14655e-10	0.006045
7.14847e-10	0.00599523
7.15039e-10	0.00594572
7.15231e-10	0.00589647
7.15423e-10	0.00584747
7.15615e-10	0.00579873
7.15807e-10	0.00575024
7.15999e-10	0.00570201
7.16191e-10	0.00565404
7.16383e-10	0.00560633
7.16575e-10	0.00555887
7.16767e-10	0.00551166
7.16959e-10	0.00546471
7.17151e-10	0.00541802
7.17343e-10	0.00537158
7.17535e-10	0.00532539
7.17727e-10	0.00527946
7.17919e-10	0.00523379
7.18111e-10	0.00518836
7.18303e-10	0.00514319
7.18495e-10	0.00509828
7.18687e-10	0.00505362
7.18879e-10	0.00500921
7.19071e-10	0.00496505
7.19264e-10	0.00492114
7.19456e-10	0.00487749
7.19648e-10	0.00483408
7.1984e-10	0.00479093
7.20032e-10	0.00474803
7.20224e-10	0.00470538
7.20416e-10	0.00466297
7.20608e-10	0.00462082
7.208e-10	0.00457891
7.20992e-10	0.00453726
7.21184e-10	0.00449585
7.21376e-10	0.00445469
7.21568e-10	0.00441377
7.2176e-10	0.0043731
7.21952e-10	0.00433268
7.22144e-10	0.0042925
7.22336e-10	0.00425257
7.22528e-10	0.00421288
7.2272e-10	0.00417343
7.22912e-10	0.00413423
7.23104e-10	0.00409527
7.23296e-10	0.00405655
7.23488e-10	0.00401808
7.2368e-10	0.00397984
7.23872e-10	0.00394185
7.24064e-10	0.00390409
7.24256e-10	0.00386658
7.24448e-10	0.0038293
7.2464e-10	0.00379226
7.24832e-10	0.00375546
7.25025e-10	0.00371889
7.25217e-10	0.00368256
7.25409e-10	0.00364647
7.25601e-10	0.00361061
7.25793e-10	0.00357498
7.25985e-10	0.00353959
7.26177e-10	0.00350443
7.26369e-10	0.0034695
7.26561e-10	0.00343481
7.26753e-10	0.00340034
7.26945e-10	0.00336611
7.27137e-10	0.0033321
7.27329e-10	0.00329833
7.27521e-10	0.00326478
7.27713e-10	0.00323146
7.27905e-10	0.00319836
7.28097e-10	0.00316549
7.28289e-10	0.00313285
7.28481e-10	0.00310043
7.28673e-10	0.00306823
7.28865e-10	0.00303626
7.29057e-10	0.00300451
7.29249e-10	0.00297297
7.29441e-10	0.00294167
7.29633e-10	0.00291057
7.29825e-10	0.0028797
7.30017e-10	0.00284905
7.30209e-10	0.00281862
7.30401e-10	0.0027884
7.30594e-10	0.00275839
7.30786e-10	0.00272861
7.30978e-10	0.00269903
7.3117e-10	0.00266967
7.31362e-10	0.00264052
7.31554e-10	0.00261159
7.31746e-10	0.00258286
7.31938e-10	0.00255435
7.3213e-10	0.00252605
7.32322e-10	0.00249795
7.32514e-10	0.00247006
7.32706e-10	0.00244238
7.32898e-10	0.0024149
7.3309e-10	0.00238763
7.33282e-10	0.00236057
7.33474e-10	0.00233371
7.33666e-10	0.00230705
7.33858e-10	0.00228059
7.3405e-10	0.00225433
7.34242e-10	0.00222828
7.34434e-10	0.00220242
7.34626e-10	0.00217676
7.34818e-10	0.0021513
7.3501e-10	0.00212604
7.35202e-10	0.00210097
7.35394e-10	0.0020761
7.35586e-10	0.00205142
7.35778e-10	0.00202693
7.3597e-10	0.00200264
7.36162e-10	0.00197854
7.36355e-10	0.00195463
7.36547e-10	0.00193091
7.36739e-10	0.00190738
7.36931e-10	0.00188403
7.37123e-10	0.00186088
7.37315e-10	0.00183791
7.37507e-10	0.00181512
7.37699e-10	0.00179252
7.37891e-10	0.00177011
7.38083e-10	0.00174787
7.38275e-10	0.00172582
7.38467e-10	0.00170395
7.38659e-10	0.00168226
7.38851e-10	0.00166075
7.39043e-10	0.00163942
7.39235e-10	0.00161826
7.39427e-10	0.00159728
7.39619e-10	0.00157648
7.39811e-10	0.00155585
7.40003e-10	0.0015354
7.40195e-10	0.00151512
7.40387e-10	0.00149501
7.40579e-10	0.00147507
7.40771e-10	0.00145531
7.40963e-10	0.00143571
7.41155e-10	0.00141628
7.41347e-10	0.00139702
7.41539e-10	0.00137792
7.41731e-10	0.00135899
7.41924e-10	0.00134023
7.42116e-10	0.00132163
7.42308e-10	0.0013032
7.425e-10	0.00128492
7.42692e-10	0.00126681
7.42884e-10	0.00124886
7.43076e-10	0.00123106
7.43268e-10	0.00121343
7.4346e-10	0.00119596
7.43652e-10	0.00117864
7.43844e-10	0.00116147
7.44036e-10	0.00114447
7.44228e-10	0.00112762
7.4442e-10	0.00111092
7.44612e-10	0.00109437
7.44804e-10	0.00107797
7.44996e-10	0.00106173
7.45188e-10	0.00104564
7.4538e-10	0.00102969
7.45572e-10	0.00101389
7.45764e-10	0.000998244
7.45956e-10	0.000982741
7.46148e-10	0.000967383
7.4634e-10	0.000952171
7.46532e-10	0.000937101
7.46724e-10	0.000922175
7.46916e-10	0.000907391
7.47108e-10	0.000892748
7.473e-10	0.000878246
7.47493e-10	0.000863883
7.47685e-10	0.000849659
7.47877e-10	0.000835572
7.48069e-10	0.000821622
7.48261e-10	0.000807809
7.48453e-10	0.00079413
7.48645e-10	0.000780586
7.48837e-10	0.000767176
7.49029e-10	0.000753898
7.49221e-10	0.000740751
7.49413e-10	0.000727736
7.49605e-10	0.000714851
7.49797e-10	0.000702095
7.49989e-10	0.000689468
7.50181e-10	0.000676968
7.50373e-10	0.000664594
7.50565e-10	0.000652347
7.50757e-10	0.000640225
7.50949e-10	0.000628227
7.51141e-10	0.000616352
7.51333e-10	0.0006046
7.51525e-10	0.00059297
7.51717e-10	0.000581461
7.51909e-10	0.000570072
7.52101e-10	0.000558802
7.52293e-10	0.00054765
7.52485e-10	0.000536617
7.52677e-10	0.0005257
7.52869e-10	0.000514899
7.53061e-10	0.000504213
7.53254e-10	0.000493642
7.53446e-10	0.000483185
7.53638e-10	0.00047284
7.5383e-10	0.000462608
7.54022e-10	0.000452486
7.54214e-10	0.000442475
7.54406e-10	0.000432574
7.54598e-10	0.000422782
7.5479e-10	0.000413098
7.54982e-10	0.000403521
7.55174e-10	0.000394051
7.55366e-10	0.000384687
7.55558e-10	0.000375427
7.5575e-10	0.000366272
7.55942e-10	0.00035722
7.56134e-10	0.000348271
7.56326e-10	0.000339424
7.56518e-10	0.000330678
7.5671e-10	0.000322033
7.56902e-10	0.000313487
7.57094e-10	0.000305041
7.57286e-10	0.000296692
7.57478e-10	0.000288441
7.5767e-10	0.000280286
7.57862e-10	0.000272228
7.58054e-10	0.000264265
7.58246e-10	0.000256396
7.58438e-10	0.000248621
7.5863e-10	0.00024094
7.58823e-10	0.00023335
7.59015e-10	0.000225852
7.59207e-10	0.000218445
7.59399e-10	0.000211128
7.59591e-10	0.000203901
7.59783e-10	0.000196762
7.59975e-10	0.000189712
7.60167e-10	0.000182749
7.60359e-10	0.000175872
7.60551e-10	0.000169082
7.60743e-10	0.000162376
7.60935e-10	0.000155756
7.61127e-10	0.000149219
7.61319e-10	0.000142765
7.61511e-10	0.000136394
7.61703e-10	0.000130105
7.61895e-10	0.000123897
7.62087e-10	0.00011777
7.62279e-10	0.000111722
7.62471e-10	0.000105753
7.62663e-10	9.98634e-05
7.62855e-10	9.40513e-05
7.63047e-10	8.83164e-05
7.63239e-10	8.2658e-05
7.63431e-10	7.70755e-05
7.63623e-10	7.15683e-05
7.63815e-10	6.61358e-05
7.64007e-10	6.07772e-05
7.64199e-10	5.54919e-05
7.64392e-10	5.02794e-05
7.64584e-10	4.51389e-05
7.64776e-10	4.00699e-05
7.64968e-10	3.50717e-05
7.6516e-10	3.01437e-05
7.65352e-10	2.52854e-05
7.65544e-10	2.0496e-05
7.65736e-10	1.5775e-05
7.65928e-10	1.11217e-05
7.6612e-10	6.53564e-06
7.66312e-10	2.01613e-06
7.66504e-10	-2.43743e-06
7.66696e-10	-6.82561e-06
7.66888e-10	-1.1149e-05
7.6708e-10	-1.54082e-05
7.67272e-10	-1.96038e-05
7.67464e-10	-2.37364e-05
7.67656e-10	-2.78065e-05
7.67848e-10	-3.18147e-05
7.6804e-10	-3.57616e-05
7.68232e-10	-3.96478e-05
7.68424e-10	-4.34738e-05
7.68616e-10	-4.72402e-05
7.68808e-10	-5.09476e-05
7.69e-10	-5.45964e-05
7.69192e-10	-5.81873e-05
7.69384e-10	-6.17208e-05
7.69576e-10	-6.51974e-05
7.69768e-10	-6.86178e-05
7.6996e-10	-7.19823e-05
7.70153e-10	-7.52916e-05
7.70345e-10	-7.85462e-05
7.70537e-10	-8.17467e-05
7.70729e-10	-8.48934e-05
7.70921e-10	-8.79871e-05
7.71113e-10	-9.10281e-05
7.71305e-10	-9.40171e-05
7.71497e-10	-9.69545e-05
7.71689e-10	-9.98408e-05
7.71881e-10	-0.000102677
7.72073e-10	-0.000105462
7.72265e-10	-0.000108198
7.72457e-10	-0.000110885
7.72649e-10	-0.000113524
7.72841e-10	-0.000116114
7.73033e-10	-0.000118657
7.73225e-10	-0.000121153
7.73417e-10	-0.000123602
7.73609e-10	-0.000126005
7.73801e-10	-0.000128362
7.73993e-10	-0.000130675
7.74185e-10	-0.000132942
7.74377e-10	-0.000135165
7.74569e-10	-0.000137345
7.74761e-10	-0.000139481
7.74953e-10	-0.000141574
7.75145e-10	-0.000143624
7.75337e-10	-0.000145633
7.75529e-10	-0.0001476
7.75722e-10	-0.000149527
7.75914e-10	-0.000151412
7.76106e-10	-0.000153257
7.76298e-10	-0.000155063
7.7649e-10	-0.000156829
7.76682e-10	-0.000158556
7.76874e-10	-0.000160245
7.77066e-10	-0.000161896
7.77258e-10	-0.000163509
7.7745e-10	-0.000165085
7.77642e-10	-0.000166624
7.77834e-10	-0.000168127
7.78026e-10	-0.000169594
7.78218e-10	-0.000171025
7.7841e-10	-0.000172421
7.78602e-10	-0.000173782
7.78794e-10	-0.000175109
7.78986e-10	-0.000176402
7.79178e-10	-0.000177661
7.7937e-10	-0.000178887
7.79562e-10	-0.000180081
7.79754e-10	-0.000181241
7.79946e-10	-0.00018237
7.80138e-10	-0.000183467
7.8033e-10	-0.000184533
7.80522e-10	-0.000185568
7.80714e-10	-0.000186572
7.80906e-10	-0.000187547
7.81098e-10	-0.000188491
7.8129e-10	-0.000189406
7.81483e-10	-0.000190291
7.81675e-10	-0.000191148
7.81867e-10	-0.000191977
7.82059e-10	-0.000192777
7.82251e-10	-0.00019355
7.82443e-10	-0.000194295
7.82635e-10	-0.000195014
7.82827e-10	-0.000195705
7.83019e-10	-0.000196371
7.83211e-10	-0.00019701
7.83403e-10	-0.000197624
7.83595e-10	-0.000198212
7.83787e-10	-0.000198775
7.83979e-10	-0.000199313
7.84171e-10	-0.000199827
7.84363e-10	-0.000200317
7.84555e-10	-0.000200783
7.84747e-10	-0.000201226
7.84939e-10	-0.000201646
7.85131e-10	-0.000202042
7.85323e-10	-0.000202417
7.85515e-10	-0.000202769
7.85707e-10	-0.000203099
7.85899e-10	-0.000203407
7.86091e-10	-0.000203694
7.86283e-10	-0.00020396
7.86475e-10	-0.000204205
7.86667e-10	-0.00020443
7.86859e-10	-0.000204634
7.87052e-10	-0.000204819
7.87244e-10	-0.000204984
7.87436e-10	-0.000205129
7.87628e-10	-0.000205256
7.8782e-10	-0.000205363
7.88012e-10	-0.000205452
7.88204e-10	-0.000205523
7.88396e-10	-0.000205576
7.88588e-10	-0.000205611
7.8878e-10	-0.000205629
7.88972e-10	-0.000205629
7.89164e-10	-0.000205612
7.89356e-10	-0.000205579
7.89548e-10	-0.000205529
7.8974e-10	-0.000205463
7.89932e-10	-0.000205381
7.90124e-10	-0.000205283
7.90316e-10	-0.00020517
7.90508e-10	-0.000205041
7.907e-10	-0.000204897
7.90892e-10	-0.000204739
7.91084e-10	-0.000204566
7.91276e-10	-0.000204379
7.91468e-10	-0.000204178
7.9166e-10	-0.000203962
7.91852e-10	-0.000203733
7.92044e-10	-0.000203491
7.92236e-10	-0.000203236
7.92428e-10	-0.000202967
7.92621e-10	-0.000202686
7.92813e-10	-0.000202392
7.93005e-10	-0.000202086
7.93197e-10	-0.000201768
7.93389e-10	-0.000201438
7.93581e-10	-0.000201096
7.93773e-10	-0.000200742
7.93965e-10	-0.000200377
7.94157e-10	-0.000200002
7.94349e-10	-0.000199615
7.94541e-10	-0.000199217
7.94733e-10	-0.000198809
7.94925e-10	-0.000198391
7.95117e-10	-0.000197962
7.95309e-10	-0.000197524
7.95501e-10	-0.000197075
7.95693e-10	-0.000196617
7.95885e-10	-0.00019615
7.96077e-10	-0.000195674
7.96269e-10	-0.000195188
7.96461e-10	-0.000194694
7.96653e-10	-0.00019419
7.96845e-10	-0.000193679
7.97037e-10	-0.000193159
7.97229e-10	-0.00019263
7.97421e-10	-0.000192094
7.97613e-10	-0.00019155
7.97805e-10	-0.000190998
7.97997e-10	-0.000190439
7.98189e-10	-0.000189872
7.98382e-10	-0.000189298
7.98574e-10	-0.000188717
7.98766e-10	-0.000188129
7.98958e-10	-0.000187535
7.9915e-10	-0.000186933
7.99342e-10	-0.000186326
7.99534e-10	-0.000185712
7.99726e-10	-0.000185091
7.99918e-10	-0.000184465
8.0011e-10	-0.000183833
8.00302e-10	-0.000183195
8.00494e-10	-0.000182552
8.00686e-10	-0.000181903
8.00878e-10	-0.000181249
8.0107e-10	-0.00018059
8.01262e-10	-0.000179925
8.01454e-10	-0.000179256
8.01646e-10	-0.000178582
8.01838e-10	-0.000177904
8.0203e-10	-0.00017722
8.02222e-10	-0.000176533
8.02414e-10	-0.000175841
8.02606e-10	-0.000175145
8.02798e-10	-0.000174445
8.0299e-10	-0.000173741
8.03182e-10	-0.000173033
8.03374e-10	-0.000172322
8.03566e-10	-0.000171607
8.03758e-10	-0.000170888
8.03951e-10	-0.000170167
8.04143e-10	-0.000169442
8.04335e-10	-0.000168714
8.04527e-10	-0.000167983
8.04719e-10	-0.000167249
8.04911e-10	-0.000166512
8.05103e-10	-0.000165773
8.05295e-10	-0.000165031
8.05487e-10	-0.000164286
8.05679e-10	-0.000163539
8.05871e-10	-0.00016279
8.06063e-10	-0.000162039
8.06255e-10	-0.000161286
8.06447e-10	-0.00016053
8.06639e-10	-0.000159773
8.06831e-10	-0.000159014
8.07023e-10	-0.000158254
8.07215e-10	-0.000157491
8.07407e-10	-0.000156727
8.07599e-10	-0.000155962
8.07791e-10	-0.000155196
8.07983e-10	-0.000154428
8.08175e-10	-0.000153659
8.08367e-10	-0.000152888
8.08559e-10	-0.000152117
8.08751e-10	-0.000151345
8.08943e-10	-0.000150572
8.09135e-10	-0.000149799
8.09327e-10	-0.000149024
8.0952e-10	-0.000148249
8.09712e-10	-0.000147474
8.09904e-10	-0.000146698
8.10096e-10	-0.000145921
8.10288e-10	-0.000145145
8.1048e-10	-0.000144368
8.10672e-10	-0.00014359
8.10864e-10	-0.000142813
8.11056e-10	-0.000142036
8.11248e-10	-0.000141259
8.1144e-10	-0.000140482
8.11632e-10	-0.000139705
8.11824e-10	-0.000138928
8.12016e-10	-0.000138151
8.12208e-10	-0.000137375
8.124e-10	-0.000136599
8.12592e-10	-0.000135824
8.12784e-10	-0.000135049
8.12976e-10	-0.000134275
8.13168e-10	-0.000133502
8.1336e-10	-0.000132729
8.13552e-10	-0.000131957
8.13744e-10	-0.000131186
8.13936e-10	-0.000130415
8.14128e-10	-0.000129646
8.1432e-10	-0.000128877
8.14512e-10	-0.00012811
8.14704e-10	-0.000127344
8.14896e-10	-0.000126578
8.15088e-10	-0.000125814
8.15281e-10	-0.000125052
8.15473e-10	-0.00012429
8.15665e-10	-0.00012353
8.15857e-10	-0.000122771
8.16049e-10	-0.000122013
8.16241e-10	-0.000121257
8.16433e-10	-0.000120503
8.16625e-10	-0.00011975
8.16817e-10	-0.000118998
8.17009e-10	-0.000118248
8.17201e-10	-0.0001175
8.17393e-10	-0.000116754
8.17585e-10	-0.000116009
8.17777e-10	-0.000115266
8.17969e-10	-0.000114525
8.18161e-10	-0.000113785
8.18353e-10	-0.000113048
8.18545e-10	-0.000112312
