% time-domain voltage integration by openEMS v0.0.35 @Sat Sep 11 12:04:51 2021
% start-coordinates: (-0.0133488,0,0) m -> [15,26,0]
% stop-coordinates: (-0.0133488,0,0.000254) m -> [15,26,3]
% t/s	voltage
0	-0
1.76671317983e-11	-1.85938752395e-07
3.53342635967e-11	-2.05423809518e-07
5.3001395395e-11	-1.80622130586e-07
7.06685271933e-11	1.92318445613e-07
8.83356589916e-11	1.40216070577e-06
1.0600279079e-10	4.15291594891e-06
1.23669922588e-10	9.12277664611e-06
1.41337054387e-10	1.63494701155e-05
1.59004186185e-10	2.42124287979e-05
1.76671317983e-10	2.80789972749e-05
1.94338449782e-10	2.01931361516e-05
2.1200558158e-10	-1.00180961908e-05
2.29672713378e-10	-7.17682196409e-05
2.47339845177e-10	-0.000167055717611
2.65006976975e-10	-0.000283356108412
2.82674108773e-10	-0.00039045579615
3.00341240572e-10	-0.000443535973318
3.1800837237e-10	-0.000396541538066
3.35675504168e-10	-0.000222394664888
3.53342635967e-10	6.78632113704e-05
3.71009767765e-10	0.000416828421294
3.88676899563e-10	0.000731855790946
4.06344031362e-10	0.00091497975518
4.2401116316e-10	0.000901107821846
4.41678294958e-10	0.000687922190991
4.59345426757e-10	0.000342493811331
4.77012558555e-10	-2.03393360607e-05
4.94679690353e-10	-0.00027956644044
5.12346822152e-10	-0.000351850583684
5.3001395395e-10	-0.000219539622776
5.47681085748e-10	6.72594051139e-05
5.65348217546e-10	0.000412464636611
5.83015349345e-10	0.000708437160938
6.00682481143e-10	0.00086917084991
6.18349612941e-10	0.000852095807204
6.3601674474e-10	0.000664790946757
6.53683876538e-10	0.000358164150384
6.71351008336e-10	9.99426788439e-06
6.89018140135e-10	-0.000296623176837
7.06685271933e-10	-0.000495274798595
7.24352403731e-10	-0.000553425241378
7.4201953553e-10	-0.000479606649606
7.59686667328e-10	-0.000317761339829
7.77353799126e-10	-0.000130180109409
7.95020930925e-10	2.46992321991e-05
8.12688062723e-10	0.000110986791697
8.30355194521e-10	0.000123510239064
8.4802232632e-10	8.32498189993e-05
8.65689458118e-10	2.39067603616e-05
8.83356589916e-10	-2.40219205807e-05
9.01023721715e-10	-4.41104630227e-05
9.18690853513e-10	-3.66030626537e-05
9.36357985311e-10	-1.35092573146e-05
9.5402511711e-10	9.91421529761e-06
9.71692248908e-10	2.27295345212e-05
9.89359380706e-10	2.18854443119e-05
1.0070265125e-09	1.13419446279e-05
1.0246936443e-09	-1.60864368581e-06
1.0423607761e-09	-1.06071811388e-05
1.0600279079e-09	-1.27555235849e-05
1.0776950397e-09	-8.94080972103e-06
1.0953621715e-09	-2.38126204977e-06
1.11302930329e-09	3.37262827088e-06
1.13069643509e-09	6.08976961303e-06
1.14836356689e-09	5.44266197267e-06
1.16603069869e-09	2.58911819628e-06
1.18369783049e-09	-6.95178854926e-07
1.20136496229e-09	-2.94849087368e-06
1.21903209408e-09	-3.53187306246e-06
1.23669922588e-09	-2.64505570158e-06
1.25436635768e-09	-1.02920375866e-06
1.27203348948e-09	4.90030799938e-07
1.28970062128e-09	1.34142911179e-06
1.30736775308e-09	1.36012590701e-06
1.32503488487e-09	7.44208222159e-07
1.34270201667e-09	-1.16693716024e-07
1.36036914847e-09	-8.33798907252e-07
1.37803628027e-09	-1.1661485928e-06
1.39570341207e-09	-1.07017751816e-06
1.41337054387e-09	-6.76180775372e-07
1.43103767566e-09	-1.984797251e-07
1.44870480746e-09	1.61686902089e-07
1.46637193926e-09	2.85906530451e-07
1.48403907106e-09	1.72445670188e-07
1.50170620286e-09	-8.91710634221e-08
1.51937333466e-09	-3.67172077631e-07
1.53704046645e-09	-5.46857080508e-07
1.55470759825e-09	-5.74467250658e-07
1.57237473005e-09	-4.66025980472e-07
1.59004186185e-09	-2.91589635992e-07
1.60770899365e-09	-1.34171493471e-07
1.62537612545e-09	-5.71863605359e-08
1.64304325724e-09	-7.72291954831e-08
1.66071038904e-09	-1.67822275188e-07
1.67837752084e-09	-2.78782721352e-07
1.69604465264e-09	-3.58452446392e-07
1.71371178444e-09	-3.79345834745e-07
1.73137891624e-09	-3.43559001692e-07
1.74904604803e-09	-2.76966240165e-07
1.76671317983e-09	-2.14883378646e-07
1.78438031163e-09	-1.82207529065e-07
1.80204744343e-09	-1.88012016622e-07
1.81971457523e-09	-2.2270915423e-07
1.83738170703e-09	-2.64518384085e-07
1.85504883882e-09	-2.95348627333e-07
1.87271597062e-09	-3.02585753786e-07
1.89038310242e-09	-2.87613012517e-07
1.90805023422e-09	-2.61778801303e-07
1.92571736602e-09	-2.38692983601e-07
1.94338449782e-09	-2.26194345032e-07
1.96105162961e-09	-2.30286921976e-07
1.97871876141e-09	-2.45348076078e-07
1.99638589321e-09	-2.62484888935e-07
2.01405302501e-09	-2.73560551989e-07
2.03172015681e-09	-2.7442389694e-07
2.04938728861e-09	-2.66973280816e-07
2.0670544204e-09	-2.54385255971e-07
2.0847215522e-09	-2.43710644554e-07
2.102388684e-09	-2.38551464804e-07
2.1200558158e-09	-2.40800048346e-07
2.1377229476e-09	-2.4862933401e-07
2.1553900794e-09	-2.57679218407e-07
2.17305721119e-09	-2.64787225035e-07
2.19072434299e-09	-2.67381601304e-07
2.20839147479e-09	-2.63268191247e-07
2.22605860659e-09	-2.57421952199e-07
2.24372573839e-09	-2.50283477499e-07
2.26139287019e-09	-2.45098270568e-07
2.27906000198e-09	-2.44178849584e-07
2.29672713378e-09	-2.46141127036e-07
2.31439426558e-09	-2.50666175816e-07
2.33206139738e-09	-2.5638273371e-07
2.34972852918e-09	-2.6008561349e-07
2.36739566098e-09	-2.60895831161e-07
2.38506279277e-09	-2.59781614886e-07
