% time-domain current integration by openEMS v0.0.35 @Sat Sep 11 12:04:51 2021
% start-coordinates: (-0.0133488,-0.000374621,8.46667e-05) m -> [15,22,1]
% stop-coordinates: (-0.0133488,0.00026269,0.000477424) m -> [15,29,5]
% t/s	current
9.60170206431e-14	0
1.7763148819e-11	-3.0673030782e-09
3.54302806173e-11	-4.15913392615e-09
5.30974124156e-11	-3.95048838087e-09
7.0764544214e-11	3.33245542272e-09
8.84316760123e-11	2.750400796e-08
1.06098807811e-10	8.29020194715e-08
1.23765939609e-10	1.8425399162e-07
1.41433071407e-10	3.33981972744e-07
1.59100203206e-10	5.01354577409e-07
1.76767335004e-10	5.98423696374e-07
1.94434466802e-10	4.55569335145e-07
2.12101598601e-10	-1.47893658209e-07
2.29768730399e-10	-1.42274950576e-06
2.47435862197e-10	-3.4384099763e-06
2.65102993996e-10	-5.98481665293e-06
2.82770125794e-10	-8.46198327054e-06
3.00437257592e-10	-9.93199319055e-06
3.18104389391e-10	-9.34534273256e-06
3.35771521189e-10	-5.92465767113e-06
3.53438652987e-10	4.23334654442e-07
3.71105784786e-10	8.87537225935e-06
3.88772916584e-10	1.77792790055e-05
4.06440048382e-10	2.50839948421e-05
4.24107180181e-10	2.89681192953e-05
4.41774311979e-10	2.84062298306e-05
4.59441443777e-10	2.34465242102e-05
4.77108575575e-10	1.51062513396e-05
4.94775707374e-10	4.97426253787e-06
5.12442839172e-10	-5.27598967892e-06
5.3010997097e-10	-1.42594772115e-05
5.47777102769e-10	-2.10384187085e-05
5.65444234567e-10	-2.50930552284e-05
5.83111366365e-10	-2.6212508601e-05
6.00778498164e-10	-2.44193324761e-05
6.18445629962e-10	-1.9980723664e-05
6.3611276176e-10	-1.3479788322e-05
6.53779893559e-10	-5.86264559388e-06
6.71447025357e-10	1.63045388035e-06
6.89114157155e-10	7.69032703829e-06
7.06781288954e-10	1.12753969006e-05
7.24448420752e-10	1.1936474948e-05
7.4211555255e-10	9.97941879177e-06
7.59782684349e-10	6.37072844256e-06
7.77449816147e-10	2.40187614509e-06
7.95116947945e-10	-7.56342672048e-07
8.12784079744e-10	-2.4238943297e-06
8.30451211542e-10	-2.55926647696e-06
8.4811834334e-10	-1.64691834925e-06
8.65785475139e-10	-3.99445468702e-07
8.83452606937e-10	5.6258471659e-07
9.01119738735e-10	9.26499183151e-07
9.18786870534e-10	7.26217933789e-07
9.36454002332e-10	2.28112241984e-07
9.5412113413e-10	-2.50009037472e-07
9.71788265929e-10	-4.92137530728e-07
9.89455397727e-10	-4.49847249229e-07
1.00712252953e-09	-2.16941103304e-07
1.02478966132e-09	5.18399367877e-08
1.04245679312e-09	2.28110991429e-07
1.06012392492e-09	2.59016900372e-07
1.07779105672e-09	1.69802774508e-07
1.09545818852e-09	3.06423899588e-08
1.11312532032e-09	-8.52550954278e-08
1.13079245211e-09	-1.34795371309e-07
1.14845958391e-09	-1.14976977272e-07
1.16612671571e-09	-5.23956131815e-08
1.18379384751e-09	1.5462907399e-08
1.20146097931e-09	5.9324349877e-08
1.21912811111e-09	6.77923992498e-08
1.2367952429e-09	4.668964948e-08
1.2544623747e-09	1.22332677321e-08
1.2721295065e-09	-1.84707928952e-08
1.2897966383e-09	-3.43597967856e-08
1.3074637701e-09	-3.29240634755e-08
1.3251309019e-09	-1.8992768247e-08
1.34279803369e-09	-9.7138164179e-10
1.36046516549e-09	1.32911566197e-08
1.37813229729e-09	1.91659541571e-08
1.39579942909e-09	1.6267177827e-08
1.41346656089e-09	7.62654117636e-09
1.43113369269e-09	-2.24003637861e-09
1.44880082448e-09	-9.23974496914e-09
1.46646795628e-09	-1.12122648943e-08
1.48413508808e-09	-8.34992786025e-09
1.50180221988e-09	-2.7055890861e-09
1.51946935168e-09	2.97247471082e-09
1.53713648348e-09	6.39235553379e-09
1.55480361527e-09	6.59869758834e-09
1.57247074707e-09	4.08658706874e-09
1.59013787887e-09	3.78719833272e-10
1.60780501067e-09	-2.78119993702e-09
1.62547214247e-09	-4.19277501607e-09
1.64313927427e-09	-3.57310159238e-09
1.66080640606e-09	-1.5522658714e-09
1.67847353786e-09	7.73014652289e-10
1.69614066966e-09	2.36682562438e-09
1.71380780146e-09	2.71339328783e-09
1.73147493326e-09	1.87386817174e-09
1.74914206506e-09	4.44515257936e-10
1.76680919685e-09	-8.6444890135e-10
1.78447632865e-09	-1.51287482542e-09
1.80214346045e-09	-1.36928035577e-09
1.81981059225e-09	-6.44133912875e-10
1.83747772405e-09	2.32740784978e-10
1.85514485585e-09	8.60530424696e-10
1.87281198764e-09	1.0042222609e-09
1.89047911944e-09	7.17002290873e-10
1.90814625124e-09	2.02515684777e-10
1.92581338304e-09	-2.70753919285e-10
1.94348051484e-09	-5.001336012e-10
1.96114764664e-09	-4.57694021572e-10
1.97881477843e-09	-2.0923006383e-10
1.99648191023e-09	6.33635990899e-11
2.01414904203e-09	2.52813520119e-10
2.03181617383e-09	2.7925925461e-10
2.04948330563e-09	1.50971166124e-10
2.06715043743e-09	-1.92639931784e-11
2.08481756922e-09	-1.48007189837e-10
2.10248470102e-09	-1.87401316687e-10
2.12015183282e-09	-1.33815084014e-10
2.13781896462e-09	-2.7182317161e-11
2.15548609642e-09	8.2938725332e-11
2.17315322821e-09	1.11509489142e-10
2.19082036001e-09	6.64877319867e-11
2.20848749181e-09	-2.53996840921e-11
2.22615462361e-09	-1.13189679851e-10
2.24382175541e-09	-1.82848292063e-10
2.26148888721e-09	-1.82313233954e-10
2.279156019e-09	-1.17495499441e-10
2.2968231508e-09	-3.42442879608e-11
2.3144902826e-09	4.05878317067e-11
2.3321574144e-09	7.98182978046e-11
2.3498245462e-09	6.21071388762e-11
2.367491678e-09	-5.37814974846e-12
2.38515880979e-09	-8.00006033641e-11
