% time-domain voltage integration by openEMS v0.0.35 @Sat Sep 11 12:04:51 2021
% start-coordinates: (-0.0129054,0,0) m -> [16,26,0]
% stop-coordinates: (-0.0129054,0,0.000254) m -> [16,26,3]
% t/s	voltage
0	-0
1.76671317983e-11	-1.00184962548e-07
3.53342635967e-11	-2.08647684019e-07
5.3001395395e-11	-2.20402398554e-07
7.06685271933e-11	9.71839995145e-08
8.83356589916e-11	1.16337423606e-06
1.0600279079e-10	3.65955793313e-06
1.23669922588e-10	8.2823635239e-06
1.41337054387e-10	1.52401521518e-05
1.59004186185e-10	2.31848516705e-05
1.76671317983e-10	2.80057693089e-05
1.94338449782e-10	2.24208201871e-05
2.1200558158e-10	-3.87208046959e-06
2.29672713378e-10	-6.05951245234e-05
2.47339845177e-10	-0.000151177246153
2.65006976975e-10	-0.000265447655693
2.82674108773e-10	-0.000375846284442
3.00341240572e-10	-0.000439374794951
3.1800837237e-10	-0.00040952328709
3.35675504168e-10	-0.000255866674706
3.53342635967e-10	1.62672949955e-05
3.71009767765e-10	0.000355823256541
3.88676899563e-10	0.000674656985211
4.06344031362e-10	0.000875472236658
4.2401116316e-10	0.000889434508281
4.41678294958e-10	0.000707451210474
4.59345426757e-10	0.000389222244848
4.77012558555e-10	4.41252432211e-05
4.94679690353e-10	-0.000208991958061
5.12346822152e-10	-0.000285827241896
5.3001395395e-10	-0.000165896082763
5.47681085748e-10	0.000103832004243
5.65348217546e-10	0.000429768915637
5.83015349345e-10	0.000705983024091
6.00682481143e-10	0.000847898278153
6.18349612941e-10	0.000814718252514
6.3601674474e-10	0.000616332967184
6.53683876538e-10	0.000306019945128
6.71351008336e-10	-3.69915242118e-05
6.89018140135e-10	-0.000330130336806
7.06685271933e-10	-0.000509907709784
7.24352403731e-10	-0.000548544441699
7.4201953553e-10	-0.000459666203824
7.59686667328e-10	-0.000290796051559
7.77353799126e-10	-0.000104996492155
7.95020930925e-10	4.14939422626e-05
8.12688062723e-10	0.000116881572467
8.30355194521e-10	0.000120201992104
8.4802232632e-10	7.51478455641e-05
8.65689458118e-10	1.58440921041e-05
8.83356589916e-10	-2.8718572139e-05
9.01023721715e-10	-4.45209625468e-05
9.18690853513e-10	-3.39065081789e-05
9.36357985311e-10	-9.88080000752e-06
9.5402511711e-10	1.25314204524e-05
9.71692248908e-10	2.34081626331e-05
9.89359380706e-10	2.08263891182e-05
1.0070265125e-09	9.4922977496e-06
1.0246936443e-09	-3.2198753388e-06
1.0423607761e-09	-1.13322014386e-05
1.0600279079e-09	-1.2510385659e-05
1.0776950397e-09	-8.09243306321e-06
1.0953621715e-09	-1.4551659433e-06
1.11302930329e-09	3.95724600821e-06
1.13069643509e-09	6.17406089987e-06
1.14836356689e-09	5.12396513841e-06
1.16603069869e-09	2.10840585169e-06
1.18369783049e-09	-1.09674186888e-06
1.20136496229e-09	-3.12515669521e-06
1.21903209408e-09	-3.47138075085e-06
1.23669922588e-09	-2.43259847821e-06
1.25436635768e-09	-7.86145051279e-07
1.27203348948e-09	6.57625975009e-07
1.28970062128e-09	1.38923758186e-06
1.30736775308e-09	1.29646244318e-06
1.32503488487e-09	6.20536695806e-07
1.34270201667e-09	-2.37924467683e-07
1.36036914847e-09	-9.08731863092e-07
1.37803628027e-09	-1.17395157417e-06
1.39570341207e-09	-1.02336232999e-06
1.41337054387e-09	-6.03741511895e-07
1.43103767566e-09	-1.32540996844e-07
1.44870480746e-09	1.95737570152e-07
1.46637193926e-09	2.81232388488e-07
1.48403907106e-09	1.36829996222e-07
1.50170620286e-09	-1.36355080116e-07
1.51937333466e-09	-4.05947261584e-07
1.53704046645e-09	-5.63466713288e-07
1.55470759825e-09	-5.65958430343e-07
1.57237473005e-09	-4.40480363295e-07
1.59004186185e-09	-2.6077901083e-07
1.60770899365e-09	-1.11528848379e-07
1.62537612545e-09	-4.91881042564e-08
1.64304325724e-09	-8.42493417252e-08
1.66071038904e-09	-1.84934698666e-07
1.67837752084e-09	-2.96668979161e-07
1.69604465264e-09	-3.71923235321e-07
1.71371178444e-09	-3.83823604011e-07
1.73137891624e-09	-3.40792055908e-07
1.74904604803e-09	-2.70067083363e-07
1.76671317983e-09	-2.06301976391e-07
1.78438031163e-09	-1.7570827282e-07
1.80204744343e-09	-1.85246335604e-07
1.81971457523e-09	-2.22529358496e-07
1.83738170703e-09	-2.66713335861e-07
1.85504883882e-09	-2.98899770712e-07
1.87271597062e-09	-3.06540151485e-07
1.89038310242e-09	-2.91500235505e-07
1.90805023422e-09	-2.65431197022e-07
1.92571736602e-09	-2.39907066657e-07
1.94338449782e-09	-2.26377622425e-07
1.96105162961e-09	-2.27353822879e-07
1.97871876141e-09	-2.39115465206e-07
1.99638589321e-09	-2.54978139935e-07
2.01405302501e-09	-2.66754774714e-07
2.03172015681e-09	-2.70886111764e-07
2.04938728861e-09	-2.6843796519e-07
2.0670544204e-09	-2.60966494636e-07
2.0847215522e-09	-2.539904429e-07
2.102388684e-09	-2.48931868896e-07
2.1200558158e-09	-2.48722130891e-07
2.1377229476e-09	-2.49675991881e-07
2.1553900794e-09	-2.52138192991e-07
2.17305721119e-09	-2.54341749439e-07
2.19072434299e-09	-2.54677672729e-07
2.20839147479e-09	-2.53894747004e-07
2.22605860659e-09	-2.53581170284e-07
2.24372573839e-09	-2.53300250108e-07
2.26139287019e-09	-2.54264456601e-07
2.27906000198e-09	-2.55408217242e-07
2.29672713378e-09	-2.56276081245e-07
2.31439426558e-09	-2.55955811213e-07
2.33206139738e-09	-2.54765147645e-07
2.34972852918e-09	-2.52254437783e-07
2.36739566098e-09	-2.50164383431e-07
2.38506279277e-09	-2.49819358089e-07
