% time-domain current integration by openEMS v0.0.35 @Sat Sep 11 12:04:51 2021
% start-coordinates: (0.0133488,-0.000374621,8.46667e-05) m -> [99,22,1]
% stop-coordinates: (0.0133488,0.00026269,0.000477424) m -> [99,29,5]
% t/s	current
9.60170206431e-14	-0
1.7763148819e-11	-0
3.54302806173e-11	-0
5.30974124156e-11	1.17403307678e-39
7.0764544214e-11	1.40591825908e-24
8.84316760123e-11	6.62918742405e-16
1.06098807811e-10	9.72417567476e-13
1.23765939609e-10	1.9962808804e-13
1.41433071407e-10	-1.72635482298e-11
1.59100203206e-10	1.58936527134e-11
1.76767335004e-10	5.99494565101e-10
1.94434466802e-10	7.89986520644e-10
2.12101598601e-10	6.49483189452e-10
2.29768730399e-10	-1.1009761991e-09
2.47435862197e-10	-7.08436909136e-09
2.65102993996e-10	-1.80335621991e-08
2.82770125794e-10	-3.64853853796e-08
3.00437257592e-10	-6.01173368864e-08
3.18104389391e-10	-7.81458098231e-08
3.35771521189e-10	-6.99806506077e-08
3.53438652987e-10	-2.33068497835e-09
3.71105784786e-10	1.59347592898e-07
3.88772916584e-10	4.31753193197e-07
4.06440048382e-10	7.85266422554e-07
4.24107180181e-10	1.12044222078e-06
4.41774311979e-10	1.26811380596e-06
4.59441443777e-10	1.03225136172e-06
4.77108575575e-10	2.7542282055e-07
4.94775707374e-10	-9.79301489679e-07
5.12442839172e-10	-2.48029778049e-06
5.3010997097e-10	-3.77025389753e-06
5.47777102769e-10	-4.32263232142e-06
5.65444234567e-10	-3.75837930733e-06
5.83111366365e-10	-2.05048718271e-06
6.00778498164e-10	3.9448411826e-07
6.18445629962e-10	2.84430552711e-06
6.3611276176e-10	4.51369442089e-06
6.53779893559e-10	4.88583737024e-06
6.71447025357e-10	3.926770205e-06
6.89114157155e-10	2.08625692721e-06
7.06781288954e-10	8.43405842943e-08
7.24448420752e-10	-1.40719350838e-06
7.4211555255e-10	-2.02918386094e-06
7.59782684349e-10	-1.82633823442e-06
7.77449816147e-10	-1.14404735996e-06
7.95116947945e-10	-4.1044631871e-07
8.12784079744e-10	7.10112857405e-08
8.30451211542e-10	2.20039581222e-07
8.4811834334e-10	1.44761870047e-07
8.65785475139e-10	2.30175647431e-08
8.83452606937e-10	-1.77371966004e-08
9.01119738735e-10	4.20962926739e-08
9.18786870534e-10	1.35071630325e-07
9.36454002332e-10	1.74346411086e-07
9.5412113413e-10	1.17892078322e-07
9.71788265929e-10	-8.06185962432e-09
9.89455397727e-10	-1.32177376599e-07
1.00712252953e-09	-1.85867889968e-07
1.02478966132e-09	-1.43988984291e-07
1.04245679312e-09	-3.47851702998e-08
1.06012392492e-09	8.05321747066e-08
1.07779105672e-09	1.43880797054e-07
1.09545818852e-09	1.30803698539e-07
1.11312532032e-09	5.75288723326e-08
1.13079245211e-09	-3.22926041463e-08
1.14845958391e-09	-9.32360677552e-08
1.16612671571e-09	-1.01123291074e-07
1.18379384751e-09	-6.07571593036e-08
1.20146097931e-09	8.69060157171e-10
1.21912811111e-09	5.13072535568e-08
1.2367952429e-09	6.92368473665e-08
1.2544623747e-09	5.22122718394e-08
1.2721295065e-09	1.45054590561e-08
1.2897966383e-09	-2.27045262591e-08
1.3074637701e-09	-4.25890966937e-08
1.3251309019e-09	-3.94682118099e-08
1.34279803369e-09	-1.92822202649e-08
1.36046516549e-09	5.45856426726e-09
1.37813229729e-09	2.27231655714e-08
1.39579942909e-09	2.63239527953e-08
1.41346656089e-09	1.74578573819e-08
1.43113369269e-09	2.66869393251e-09
1.44880082448e-09	-1.02330126595e-08
1.46646795628e-09	-1.59545159306e-08
1.48413508808e-09	-1.34776607652e-08
1.50180221988e-09	-5.64440760797e-09
1.51946935168e-09	2.97190805298e-09
1.53713648348e-09	8.45309688913e-09
1.55480361527e-09	9.09363162549e-09
1.57247074707e-09	5.67804692153e-09
1.59013787887e-09	5.72716485348e-10
1.60780501067e-09	-3.64748475867e-09
1.62547214247e-09	-5.35404698354e-09
1.64313927427e-09	-4.36361657918e-09
1.66080640606e-09	-1.69040137443e-09
1.67847353786e-09	1.15814524637e-09
1.69614066966e-09	2.93345947533e-09
1.71380780146e-09	3.11556891397e-09
1.73147493326e-09	1.97892124909e-09
1.74914206506e-09	2.88990831265e-10
1.76680919685e-09	-1.12142273245e-09
1.78447632865e-09	-1.71753233857e-09
1.80214346045e-09	-1.43402800745e-09
1.81981059225e-09	-5.76853120826e-10
1.83747772405e-09	3.6695579908e-10
1.85514485585e-09	9.80644898618e-10
1.87281198764e-09	1.07796038762e-09
1.89047911944e-09	7.2505085269e-10
1.90814625124e-09	1.62078295229e-10
1.92581338304e-09	-3.34416605519e-10
1.94348051484e-09	-5.75590408669e-10
1.96114764664e-09	-5.13100895105e-10
1.97881477843e-09	-2.40271802454e-10
1.99648191023e-09	8.63366045323e-11
2.01414904203e-09	3.18095466634e-10
2.03181617383e-09	3.76118386436e-10
2.04948330563e-09	2.69529232266e-10
2.06715043743e-09	6.87984599845e-11
2.08481756922e-09	-1.22900717381e-10
2.10248470102e-09	-2.34101599217e-10
2.12015183282e-09	-2.33893071577e-10
2.13781896462e-09	-1.53123513869e-10
2.15548609642e-09	-3.68558031316e-11
2.17315322821e-09	5.63387947405e-11
2.19082036001e-09	8.72796140916e-11
2.20848749181e-09	6.40249589456e-11
2.22615462361e-09	-3.68590661465e-12
2.24382175541e-09	-6.96570370828e-11
2.26148888721e-09	-1.10519468577e-10
2.279156019e-09	-1.21014073762e-10
2.2968231508e-09	-9.6616437073e-11
2.3144902826e-09	-5.98674859686e-11
2.3321574144e-09	-2.84195687816e-11
2.3498245462e-09	-1.42197096112e-11
2.367491678e-09	-2.06590994312e-11
2.38515880979e-09	-3.80771213171e-11
