% time-domain voltage integration by openEMS v0.0.35 @Sat Sep 11 12:04:51 2021
% start-coordinates: (0.0129054,0,0) m -> [98,26,0]
% stop-coordinates: (0.0129054,0,0.000254) m -> [98,26,3]
% t/s	voltage
0	-0
1.76671317983e-11	-0
3.53342635967e-11	-0
5.3001395395e-11	-6.63524631947e-39
7.06685271933e-11	-1.92597557999e-23
8.83356589916e-11	-1.25680245731e-14
1.0600279079e-10	-1.21929267898e-11
1.23669922588e-10	7.49405875897e-12
1.41337054387e-10	3.77546882646e-10
1.59004186185e-10	-3.28598559474e-09
1.76671317983e-10	-3.41920172175e-08
1.94338449782e-10	-4.13644762887e-08
2.1200558158e-10	-1.87067223933e-08
2.29672713378e-10	1.01338049063e-07
2.47339845177e-10	4.40621164444e-07
2.65006976975e-10	1.03935488482e-06
2.82674108773e-10	1.98227462533e-06
3.00341240572e-10	3.07823233925e-06
3.1800837237e-10	3.72805425286e-06
3.35675504168e-10	2.8259162832e-06
3.53342635967e-10	-1.28060594307e-06
3.71009767765e-10	-1.01307759905e-05
3.88676899563e-10	-2.40972531174e-05
4.06344031362e-10	-4.11262262787e-05
4.2401116316e-10	-5.56886061531e-05
4.41678294958e-10	-5.92909291299e-05
4.59345426757e-10	-4.2912133722e-05
4.77012558555e-10	-1.36850982813e-06
4.94679690353e-10	6.19933161943e-05
5.12346822152e-10	0.000132856876007
5.3001395395e-10	0.000188177895325
5.47681085748e-10	0.000203707902983
5.65348217546e-10	0.000164511613548
5.83015349345e-10	7.37634563848e-05
6.00682481143e-10	-4.52152144135e-05
6.18349612941e-10	-0.000156000754941
6.3601674474e-10	-0.000223041861318
6.53683876538e-10	-0.000226316173212
6.71351008336e-10	-0.000169571681909
6.89018140135e-10	-7.79556448833e-05
7.06685271933e-10	1.37103834277e-05
7.24352403731e-10	7.60682614782e-05
7.4201953553e-10	9.62762242125e-05
7.59686667328e-10	8.02247341198e-05
7.77353799126e-10	4.60324999949e-05
7.95020930925e-10	1.33265421027e-05
8.12688062723e-10	-5.73456509301e-06
8.30355194521e-10	-9.69361394709e-06
8.4802232632e-10	-4.97169037317e-06
8.65689458118e-10	1.24873416496e-07
8.83356589916e-10	6.38347543713e-07
9.01023721715e-10	-3.16842806569e-06
9.18690853513e-10	-7.50137110117e-06
9.36357985311e-10	-8.44433861857e-06
9.5402511711e-10	-4.70902671168e-06
9.71692248908e-10	1.77244533006e-06
9.89359380706e-10	7.34882132747e-06
1.0070265125e-09	9.01812722987e-06
1.0246936443e-09	6.1247026224e-06
1.0423607761e-09	4.96241895576e-07
1.0600279079e-09	-4.77994149151e-06
1.0776950397e-09	-7.13895633453e-06
1.0953621715e-09	-5.80432345032e-06
1.11302930329e-09	-1.91364364355e-06
1.13069643509e-09	2.30381658639e-06
1.14836356689e-09	4.78820072658e-06
1.16603069869e-09	4.64935362743e-06
1.18369783049e-09	2.37892129462e-06
1.20136496229e-09	-6.02144268669e-07
1.21903209408e-09	-2.77954052308e-06
1.23669922588e-09	-3.29522424636e-06
1.25436635768e-09	-2.21022452251e-06
1.27203348948e-09	-3.20798825726e-07
1.28970062128e-09	1.35576473781e-06
1.30736775308e-09	2.10113637422e-06
1.32503488487e-09	1.75631936372e-06
1.34270201667e-09	6.93520959771e-07
1.36036914847e-09	-4.64674144496e-07
1.37803628027e-09	-1.18032519936e-06
1.39570341207e-09	-1.2237754845e-06
1.41337054387e-09	-7.14454145623e-07
1.43103767566e-09	6.17715256723e-09
1.44870480746e-09	5.7377179985e-07
1.46637193926e-09	7.71245311171e-07
1.48403907106e-09	5.89194286249e-07
1.50170620286e-09	1.88504913012e-07
1.51937333466e-09	-2.08020182413e-07
1.53704046645e-09	-4.29795036894e-07
1.55470759825e-09	-4.17556876187e-07
1.57237473005e-09	-2.2809462763e-07
1.59004186185e-09	1.80574737385e-08
1.60770899365e-09	2.02438648955e-07
1.62537612545e-09	2.59183941864e-07
1.64304325724e-09	1.92108458918e-07
1.66071038904e-09	5.6472890364e-08
1.67837752084e-09	-7.4432085384e-08
1.69604465264e-09	-1.46384486754e-07
1.71371178444e-09	-1.42115929691e-07
1.73137891624e-09	-7.95577683732e-08
1.74904604803e-09	1.36455086119e-09
1.76671317983e-09	6.31641654536e-08
1.78438031163e-09	8.38611011744e-08
1.80204744343e-09	6.35230410495e-08
1.81971457523e-09	2.00263476913e-08
1.83738170703e-09	-2.38308661693e-08
1.85504883882e-09	-4.92778280403e-08
1.87271597062e-09	-4.97522751886e-08
1.89038310242e-09	-3.01793949831e-08
1.90805023422e-09	-2.87868712201e-09
1.92571736602e-09	1.93597431419e-08
1.94338449782e-09	2.85744290451e-08
1.96105162961e-09	2.36361712425e-08
1.97871876141e-09	9.89753812242e-09
1.99638589321e-09	-5.09034403517e-09
2.01405302501e-09	-1.50249088726e-08
2.03172015681e-09	-1.63145044141e-08
2.04938728861e-09	-1.07866426902e-08
2.0670544204e-09	-1.83394088804e-09
2.0847215522e-09	6.16233020168e-09
2.102388684e-09	9.85816672738e-09
2.1200558158e-09	9.06550456925e-09
2.1377229476e-09	4.7860596597e-09
2.1553900794e-09	-2.99504400447e-10
2.17305721119e-09	-3.61555507755e-09
2.19072434299e-09	-4.03408206839e-09
2.20839147479e-09	-2.09956640962e-09
2.22605860659e-09	1.29802879556e-09
2.24372573839e-09	4.20085777275e-09
2.26139287019e-09	5.30295585222e-09
2.27906000198e-09	4.87511064851e-09
2.29672713378e-09	2.95778479487e-09
2.31439426558e-09	8.08569267097e-10
2.33206139738e-09	-4.65391752913e-10
2.34972852918e-09	-8.23576790099e-10
2.36739566098e-09	1.46029736914e-10
2.38506279277e-09	1.47438694587e-09
