% time-domain voltage integration by openEMS v0.0.35 @Sat Sep 11 12:04:51 2021
% start-coordinates: (0.0137922,0,0) m -> [100,26,0]
% stop-coordinates: (0.0137922,0,0.000254) m -> [100,26,3]
% t/s	voltage
0	-0
1.76671317983e-11	-0
3.53342635967e-11	-0
5.3001395395e-11	-1.93939707463e-41
7.06685271933e-11	-3.37746075731e-25
8.83356589916e-11	-1.11184527801e-15
1.0600279079e-10	-1.32113851109e-11
1.23669922588e-10	-1.84152233393e-11
1.41337054387e-10	3.21690396543e-10
1.59004186185e-10	-5.91381887904e-10
1.76671317983e-10	-2.59420751547e-08
1.94338449782e-10	-3.39026193785e-08
2.1200558158e-10	-2.8216319059e-08
2.29672713378e-10	4.68761349737e-08
2.47339845177e-10	3.20341946747e-07
2.65006976975e-10	8.21004618956e-07
2.82674108773e-10	1.67581350752e-06
3.00341240572e-10	2.77866695342e-06
3.1800837237e-10	3.65067023722e-06
3.35675504168e-10	3.33822163157e-06
3.53342635967e-10	3.15822560992e-07
3.71009767765e-10	-7.06002219886e-06
3.88676899563e-10	-1.96600612981e-05
4.06344031362e-10	-3.62254995707e-05
4.2401116316e-10	-5.22754344274e-05
4.41678294958e-10	-5.99829982093e-05
4.59345426757e-10	-5.00911937706e-05
4.77012558555e-10	-1.58096790983e-05
4.94679690353e-10	4.23536630478e-05
5.12346822152e-10	0.00011320921476
5.3001395395e-10	0.000175629720616
5.47681085748e-10	0.000204665273486
5.65348217546e-10	0.000181622486707
5.83015349345e-10	0.000103934336948
6.00682481143e-10	-1.04780185666e-05
6.18349612941e-10	-0.000127684041217
6.3601674474e-10	-0.000210220539884
6.53683876538e-10	-0.000232376849453
6.71351008336e-10	-0.000190870188817
6.89018140135e-10	-0.000105647075543
7.06685271933e-10	-1.03594425127e-05
7.24352403731e-10	6.25972734269e-05
7.4201953553e-10	9.4990748039e-05
7.59686667328e-10	8.77189304447e-05
7.77353799126e-10	5.64649999433e-05
7.95020930925e-10	2.1561340418e-05
8.12688062723e-10	-2.05342269055e-06
8.30355194521e-10	-9.9165820302e-06
8.4802232632e-10	-6.7609787493e-06
8.65689458118e-10	-1.00919112356e-06
8.83356589916e-10	1.0428607311e-06
9.01023721715e-10	-1.80326657073e-06
9.18690853513e-10	-6.44315832687e-06
9.36357985311e-10	-8.64001958689e-06
9.5402511711e-10	-6.18174181e-06
9.71692248908e-10	-1.54289438115e-07
9.89359380706e-10	6.05307354817e-06
1.0070265125e-09	9.02040346773e-06
1.0246936443e-09	7.33921274332e-06
1.0423607761e-09	2.20172455556e-06
1.0600279079e-09	-3.48868445599e-06
1.0776950397e-09	-6.84427641318e-06
1.0953621715e-09	-6.52259336675e-06
1.11302930329e-09	-3.157475021e-06
1.13069643509e-09	1.20651804991e-06
1.14836356689e-09	4.33642048847e-06
1.16603069869e-09	4.95106894505e-06
1.18369783049e-09	3.16805153489e-06
1.20136496229e-09	2.22476934653e-07
1.21903209408e-09	-2.30948370472e-06
1.23669922588e-09	-3.33189063895e-06
1.25436635768e-09	-2.64493297664e-06
1.27203348948e-09	-8.79286176314e-07
1.28970062128e-09	9.52109303398e-07
1.30736775308e-09	2.00469901301e-06
1.32503488487e-09	1.95063864794e-06
1.34270201667e-09	1.03324796896e-06
1.36036914847e-09	-1.61836620549e-07
1.37803628027e-09	-1.04208982066e-06
1.39570341207e-09	-1.27787146198e-06
1.41337054387e-09	-8.96819813079e-07
1.43103767566e-09	-1.96323519219e-07
1.44870480746e-09	4.45128591764e-07
1.46637193926e-09	7.57609086577e-07
1.48403907106e-09	6.72154456538e-07
1.50170620286e-09	3.11138400377e-07
1.51937333466e-09	-1.07539921856e-07
1.53704046645e-09	-3.90549516283e-07
1.55470759825e-09	-4.43016332952e-07
1.57237473005e-09	-2.92731776597e-07
1.59004186185e-09	-4.95910636999e-08
1.60770899365e-09	1.62251417635e-07
1.62537612545e-09	2.57478390608e-07
1.64304325724e-09	2.21123215738e-07
1.66071038904e-09	9.73356364398e-08
1.67837752084e-09	-4.19614405445e-08
1.69604465264e-09	-1.34445333089e-07
1.71371178444e-09	-1.51286997152e-07
1.73137891624e-09	-1.01543800923e-07
1.74904604803e-09	-2.14979807289e-08
1.76671317983e-09	4.92705165556e-08
1.78438031163e-09	8.27189730046e-08
1.80204744343e-09	7.27596880523e-08
1.81971457523e-09	3.3762256102e-08
1.83738170703e-09	-1.24301648974e-08
1.85504883882e-09	-4.43155334651e-08
1.87271597062e-09	-5.17689855428e-08
1.89038310242e-09	-3.70354786838e-08
1.90805023422e-09	-1.04196091755e-08
1.92571736602e-09	1.41884184401e-08
1.94338449782e-09	2.7521560142e-08
1.96105162961e-09	2.61745274344e-08
1.97871876141e-09	1.42629281719e-08
1.99638589321e-09	-1.39576153413e-09
2.01405302501e-09	-1.33437731975e-08
2.03172015681e-09	-1.72089729134e-08
2.04938728861e-09	-1.34491928705e-08
2.0670544204e-09	-4.63744642687e-09
2.0847215522e-09	4.27388280322e-09
2.102388684e-09	9.50208800532e-09
2.1200558158e-09	9.99553084746e-09
2.1377229476e-09	6.63041177518e-09
2.1553900794e-09	1.4598866005e-09
2.17305721119e-09	-2.54265508648e-09
2.19072434299e-09	-3.92490062673e-09
2.20839147479e-09	-2.90186519258e-09
2.22605860659e-09	1.35966104695e-10
2.24372573839e-09	2.97106006464e-09
2.26139287019e-09	4.52580561916e-09
2.27906000198e-09	4.78220496536e-09
2.29672713378e-09	3.16256687505e-09
2.31439426558e-09	1.40471242971e-09
2.33206139738e-09	2.90924923041e-11
2.34972852918e-09	-4.90134086095e-10
2.36739566098e-09	3.6027528183e-10
2.38506279277e-09	1.39147970923e-09
