% time-domain current integration by openEMS v0.0.35 @Sat Sep 11 12:04:51 2021
% start-coordinates: (-0.0137922,-0.000374621,8.46667e-05) m -> [14,22,1]
% stop-coordinates: (-0.0137922,0.00026269,0.000477424) m -> [14,29,5]
% t/s	current
9.60170206431e-14	0
1.7763148819e-11	-4.25352730815e-09
3.54302806173e-11	-5.00326535757e-09
5.30974124156e-11	-4.09820932745e-09
7.0764544214e-11	4.88788742814e-09
8.84316760123e-11	3.25198712403e-08
1.06098807811e-10	9.38696373964e-08
1.23765939609e-10	2.02694309337e-07
1.41433071407e-10	3.58169216952e-07
1.59100203206e-10	5.22382322288e-07
1.76767335004e-10	5.97435587224e-07
1.94434466802e-10	4.03573068297e-07
2.12101598601e-10	-2.82519323491e-07
2.29768730399e-10	-1.66027018622e-06
2.47435862197e-10	-3.7669278754e-06
2.65102993996e-10	-6.3392649281e-06
2.82770125794e-10	-8.72580130817e-06
3.00437257592e-10	-9.96053495328e-06
3.18104389391e-10	-9.0178073151e-06
3.35771521189e-10	-5.20968205819e-06
3.53438652987e-10	1.42206977216e-06
3.71105784786e-10	9.92174136627e-06
3.88772916584e-10	1.8568654923e-05
4.06440048382e-10	2.53539092228e-05
4.24107180181e-10	2.86079484795e-05
4.41774311979e-10	2.75180591416e-05
4.59441443777e-10	2.23210008699e-05
4.77108575575e-10	1.41203145176e-05
4.94775707374e-10	4.45326759291e-06
5.12442839172e-10	-5.17365106134e-06
5.3010997097e-10	-1.35891214086e-05
5.47777102769e-10	-2.00355443667e-05
5.65444234567e-10	-2.4081698939e-05
5.83111366365e-10	-2.54971891991e-05
6.00778498164e-10	-2.41992038355e-05
6.18445629962e-10	-2.03068102564e-05
6.3611276176e-10	-1.42569788295e-05
6.53779893559e-10	-6.88732279741e-06
6.71447025357e-10	6.11055043009e-07
6.89114157155e-10	6.91010291121e-06
7.06781288954e-10	1.08881358756e-05
7.24448420752e-10	1.1977414033e-05
7.4211555255e-10	1.03629372461e-05
7.59782684349e-10	6.9267298386e-06
7.77449816147e-10	2.93869879897e-06
7.95116947945e-10	-3.86456491697e-07
8.12784079744e-10	-2.28245357903e-06
8.30451211542e-10	-2.61683749159e-06
8.4811834334e-10	-1.81352265827e-06
8.65785475139e-10	-5.71849739117e-07
8.83452606937e-10	4.57677430177e-07
9.01119738735e-10	9.12044299639e-07
9.18786870534e-10	7.79806896389e-07
9.36454002332e-10	3.04525343608e-07
9.5412113413e-10	-1.92741381966e-07
9.71788265929e-10	-4.75252591059e-07
9.89455397727e-10	-4.70480642889e-07
1.00712252953e-09	-2.55793281667e-07
1.02478966132e-09	1.68394382882e-08
1.04245679312e-09	2.11400760008e-07
1.06012392492e-09	2.63115538246e-07
1.07779105672e-09	1.87451774991e-07
1.09545818852e-09	5.06960127211e-08
1.11312532032e-09	-7.20506179164e-08
1.13079245211e-09	-1.32212989001e-07
1.14845958391e-09	-1.21273458831e-07
1.16612671571e-09	-6.26287004479e-08
1.18379384751e-09	6.55711751563e-09
1.20146097931e-09	5.50112986275e-08
1.21912811111e-09	6.86124153049e-08
1.2367952429e-09	5.09854451991e-08
1.2544623747e-09	1.74074283876e-08
1.2721295065e-09	-1.46475844787e-08
1.2897966383e-09	-3.30448521879e-08
1.3074637701e-09	-3.39988623921e-08
1.3251309019e-09	-2.14903081996e-08
1.34279803369e-09	-3.59415275319e-09
1.36046516549e-09	1.15459002359e-08
1.37813229729e-09	1.87654727313e-08
1.39579942909e-09	1.70712759484e-08
1.41346656089e-09	9.0629406202e-09
1.43113369269e-09	-8.28349000503e-10
1.44880082448e-09	-8.39226643734e-09
1.46646795628e-09	-1.11324043317e-08
1.48413508808e-09	-8.92132501207e-09
1.50180221988e-09	-3.5771403617e-09
1.51946935168e-09	2.18823847931e-09
1.53713648348e-09	5.97702731753e-09
1.55480361527e-09	6.63098820297e-09
1.57247074707e-09	4.46428627399e-09
1.59013787887e-09	8.72495853343e-10
1.60780501067e-09	-2.38701169941e-09
1.62547214247e-09	-4.02337141381e-09
1.64313927427e-09	-3.63759400379e-09
1.66080640606e-09	-1.75226722021e-09
1.67847353786e-09	5.6154092487e-10
1.69614066966e-09	2.25138885313e-09
1.71380780146e-09	2.69429722977e-09
1.73147493326e-09	1.94863303271e-09
1.74914206506e-09	5.30120169984e-10
1.76680919685e-09	-8.31605118101e-10
1.78447632865e-09	-1.54609247627e-09
1.80214346045e-09	-1.44325862372e-09
1.81981059225e-09	-6.99862390263e-10
1.83747772405e-09	2.28016591719e-10
1.85514485585e-09	9.28680521373e-10
1.87281198764e-09	1.11231823752e-09
1.89047911944e-09	8.13438816305e-10
1.90814625124e-09	2.27493426874e-10
1.92581338304e-09	-3.37496142144e-10
1.94348051484e-09	-6.3922545035e-10
1.96114764664e-09	-6.05624994598e-10
1.97881477843e-09	-3.10386077951e-10
1.99648191023e-09	5.54975163047e-11
2.01414904203e-09	3.56803808721e-10
2.03181617383e-09	4.64578958637e-10
2.04948330563e-09	3.56791290956e-10
2.06715043743e-09	1.27398702698e-10
2.08481756922e-09	-1.11356063259e-10
2.10248470102e-09	-2.89536034037e-10
2.12015183282e-09	-3.29436533608e-10
2.13781896462e-09	-2.51351439662e-10
2.15548609642e-09	-9.56873191793e-11
2.17315322821e-09	2.9538607671e-11
2.19082036001e-09	1.17591339444e-10
2.20848749181e-09	1.39008929367e-10
2.22615462361e-09	1.00129855796e-10
2.24382175541e-09	1.7760525689e-11
2.26148888721e-09	-6.88309548247e-11
2.279156019e-09	-1.19539669829e-10
2.2968231508e-09	-1.53537724201e-10
2.3144902826e-09	-1.49186427101e-10
2.3321574144e-09	-1.11971425187e-10
2.3498245462e-09	-6.55301993224e-11
2.367491678e-09	-2.39154841764e-11
2.38515880979e-09	1.01397206603e-11
