% time-domain current integration by openEMS v0.0.35 @Sat Sep 11 12:04:51 2021
% start-coordinates: (0.0129054,-0.000374621,8.46667e-05) m -> [98,22,1]
% stop-coordinates: (0.0129054,0.00026269,0.000477424) m -> [98,29,5]
% t/s	current
9.60170206431e-14	-0
1.7763148819e-11	-0
3.54302806173e-11	-0
5.30974124156e-11	1.91650854577e-38
7.0764544214e-11	9.61508320811e-24
8.84316760123e-11	2.01172019039e-15
1.06098807811e-10	7.3624944032e-13
1.23765939609e-10	-4.57907746009e-13
1.41433071407e-10	-1.90924116794e-11
1.59100203206e-10	4.36603045384e-11
1.76767335004e-10	6.86631085323e-10
1.94434466802e-10	8.71244631995e-10
2.12101598601e-10	5.58456669797e-10
2.29768730399e-10	-1.66613833841e-09
2.47435862197e-10	-8.32026891828e-09
2.65102993996e-10	-2.03272243482e-08
2.82770125794e-10	-3.97292332366e-08
3.00437257592e-10	-6.32924042065e-08
3.18104389391e-10	-7.90698777564e-08
3.35771521189e-10	-6.47960405331e-08
3.53438652987e-10	1.41836915546e-08
3.71105784786e-10	1.91419786688e-07
3.88772916584e-10	4.78368576751e-07
4.06440048382e-10	8.37062430037e-07
4.24107180181e-10	1.15695650038e-06
4.41774311979e-10	1.26176212234e-06
4.59441443777e-10	9.57748056862e-07
4.77108575575e-10	1.24216541053e-07
4.94775707374e-10	-1.18590583043e-06
5.12442839172e-10	-2.68790222435e-06
5.3010997097e-10	-3.90392324334e-06
5.47777102769e-10	-4.31450098404e-06
5.65444234567e-10	-3.57986073141e-06
5.83111366365e-10	-1.73344983523e-06
6.00778498164e-10	7.60986665682e-07
6.18445629962e-10	3.14448516292e-06
6.3611276176e-10	4.65134371552e-06
6.53779893559e-10	4.82439645566e-06
6.71447025357e-10	3.70378756998e-06
6.89114157155e-10	1.7944719275e-06
7.06781288954e-10	-1.70639324892e-07
7.24448420752e-10	-1.55126667778e-06
7.4211555255e-10	-2.04480625143e-06
7.59782684349e-10	-1.74869592229e-06
7.77449816147e-10	-1.03436900645e-06
7.95116947945e-10	-3.22991809298e-07
8.12784079744e-10	1.109487755e-07
8.30451211542e-10	2.1875149514e-07
8.4811834334e-10	1.26480358631e-07
8.65785475139e-10	1.10475824044e-08
8.83452606937e-10	-1.39300739832e-08
9.01119738735e-10	5.59071615669e-08
9.18786870534e-10	1.45811767993e-07
9.36454002332e-10	1.72197104575e-07
9.5412113413e-10	1.02577104144e-07
9.71788265929e-10	-2.80040630685e-08
9.89455397727e-10	-1.45510753669e-07
1.00712252953e-09	-1.85681386711e-07
1.02478966132e-09	-1.31221554511e-07
1.04245679312e-09	-1.69788272331e-08
1.06012392492e-09	9.39406490374e-08
1.07779105672e-09	1.46839965964e-07
1.09545818852e-09	1.23196826962e-07
1.11312532032e-09	4.44696581781e-08
1.13079245211e-09	-4.37537046594e-08
1.14845958391e-09	-9.79069056939e-08
1.16612671571e-09	-9.78963683451e-08
1.18379384751e-09	-5.24512309141e-08
1.20146097931e-09	9.51251610815e-09
1.21912811111e-09	5.62132882465e-08
1.2367952429e-09	6.88073171773e-08
1.2544623747e-09	4.76239883085e-08
1.2721295065e-09	8.63560867259e-09
1.2897966383e-09	-2.6928667296e-08
1.3074637701e-09	-4.35765059592e-08
1.3251309019e-09	-3.74024402561e-08
1.34279803369e-09	-1.56929562678e-08
1.36046516549e-09	8.64267946099e-09
1.37813229729e-09	2.41791990874e-08
1.39579942909e-09	2.5746196286e-08
1.41346656089e-09	1.55340078578e-08
1.43113369269e-09	5.38394107075e-10
1.44880082448e-09	-1.15883080909e-08
1.46646795628e-09	-1.60932565052e-08
1.48413508808e-09	-1.2601486965e-08
1.50180221988e-09	-4.34469393795e-09
1.51946935168e-09	4.0388346001e-09
1.53713648348e-09	8.88172113633e-09
1.55480361527e-09	8.84462991735e-09
1.57247074707e-09	5.00986230278e-09
1.59013787887e-09	-1.26227597819e-10
1.60780501067e-09	-4.07363964783e-09
1.62547214247e-09	-5.38524114191e-09
1.64313927427e-09	-4.08072775571e-09
1.66080640606e-09	-1.29224586587e-09
1.67847353786e-09	1.47397383188e-09
1.69614066966e-09	3.03799985168e-09
1.71380780146e-09	3.01028180161e-09
1.73147493326e-09	1.74950043341e-09
1.74914206506e-09	5.82605075294e-11
1.76680919685e-09	-1.25580101873e-09
1.78447632865e-09	-1.72447056634e-09
1.80214346045e-09	-1.33455113627e-09
1.81981059225e-09	-4.39447728207e-10
1.83747772405e-09	4.76028383378e-10
1.85514485585e-09	1.02552033532e-09
1.87281198764e-09	1.05350106416e-09
1.89047911944e-09	6.6248145858e-10
1.90814625124e-09	1.00373785672e-10
1.92581338304e-09	-3.64729635383e-10
1.94348051484e-09	-5.60970103702e-10
1.96114764664e-09	-4.71739036723e-10
1.97881477843e-09	-1.91868451682e-10
1.99648191023e-09	1.11220643806e-10
2.01414904203e-09	3.10378250878e-10
2.03181617383e-09	3.3284450196e-10
2.04948330563e-09	2.1011284379e-10
2.06715043743e-09	1.96962932075e-11
2.08481756922e-09	-1.49182846632e-10
2.10248470102e-09	-2.26326707375e-10
2.12015183282e-09	-2.00455207988e-10
2.13781896462e-09	-1.04284289537e-10
2.15548609642e-09	7.84041581658e-12
2.17315322821e-09	8.43384528881e-11
2.19082036001e-09	9.31410157334e-11
2.20848749181e-09	4.57866869419e-11
2.22615462361e-09	-3.27793799049e-11
2.24382175541e-09	-1.02479066899e-10
2.26148888721e-09	-1.35112213084e-10
2.279156019e-09	-1.28170557501e-10
2.2968231508e-09	-9.07824856955e-11
2.3144902826e-09	-4.21371028347e-11
2.3321574144e-09	-8.6993962381e-12
2.3498245462e-09	2.60687391812e-12
2.367491678e-09	-1.03501460874e-11
2.38515880979e-09	-3.79784155513e-11
