% time-domain voltage integration by openEMS v0.0.35 @Sat Sep 11 12:04:51 2021
% start-coordinates: (-0.0137922,0,0) m -> [14,26,0]
% stop-coordinates: (-0.0137922,0,0.000254) m -> [14,26,3]
% t/s	voltage
0	-0
1.76671317983e-11	-1.98373712124e-07
3.53342635967e-11	-2.62310543064e-07
5.3001395395e-11	-1.84963496963e-07
7.06685271933e-11	2.81234314059e-07
8.83356589916e-11	1.68559557778e-06
1.0600279079e-10	4.73490615605e-06
1.23669922588e-10	1.0057764257e-05
1.41337054387e-10	1.75396639861e-05
1.59004186185e-10	2.52025365626e-05
1.76671317983e-10	2.7935718208e-05
1.94338449782e-10	1.74907740984e-05
2.1200558158e-10	-1.68698538801e-05
2.29672713378e-10	-8.37589759612e-05
2.47339845177e-10	-0.000183488602488
2.65006976975e-10	-0.0003012149391
2.82674108773e-10	-0.000403984362492
3.00341240572e-10	-0.000445571044111
3.1800837237e-10	-0.000380803030566
3.35675504168e-10	-0.000186297598702
3.53342635967e-10	0.000120942204376
3.71009767765e-10	0.000477363937534
3.88676899563e-10	0.000786467222497
4.06344031362e-10	0.000950420566369
4.2401116316e-10	0.000908534420887
4.41678294958e-10	0.000665453277179
4.59345426757e-10	0.000295191421174
4.77012558555e-10	-8.28280881251e-05
4.94679690353e-10	-0.000346370441548
5.12346822152e-10	-0.000413680245401
5.3001395395e-10	-0.000269978088909
5.47681085748e-10	3.19233313348e-05
5.65348217546e-10	0.000394179616706
5.83015349345e-10	0.000708132909494
6.00682481143e-10	0.000886802037712
6.18349612941e-10	0.000885991117684
6.3601674474e-10	0.000710820793756
6.53683876538e-10	0.000409480926464
6.71351008336e-10	5.78639428568e-05
6.89018140135e-10	-0.000260864944721
7.06685271933e-10	-0.000477728171973
7.24352403731e-10	-0.000555577498744
7.4201953553e-10	-0.000497743400047
7.59686667328e-10	-0.000344223175489
7.77353799126e-10	-0.000156071415404
7.95020930925e-10	6.45754744255e-06
8.12688062723e-10	0.000103550944914
8.30355194521e-10	0.000125724545796
8.4802232632e-10	9.09639602469e-05
8.65689458118e-10	3.2215722058e-05
8.83356589916e-10	-1.87476803148e-05
9.01023721715e-10	-4.31367261626e-05
9.18690853513e-10	-3.89893548345e-05
9.36357985311e-10	-1.71438177858e-05
9.5402511711e-10	7.07222625351e-06
9.71692248908e-10	2.17779875129e-05
9.89359380706e-10	2.27623359024e-05
1.0070265125e-09	1.31696810968e-05
1.0246936443e-09	1.0912904358e-07
1.0423607761e-09	-9.72579618974e-06
1.0600279079e-09	-1.28727851916e-05
1.0776950397e-09	-9.74534395937e-06
1.0953621715e-09	-3.34592868967e-06
1.11302930329e-09	2.70187751994e-06
1.13069643509e-09	5.91445314058e-06
1.14836356689e-09	5.70105248698e-06
1.16603069869e-09	3.05988646687e-06
1.18369783049e-09	-2.63391584099e-07
1.20136496229e-09	-2.71952836783e-06
1.21903209408e-09	-3.5429007994e-06
1.23669922588e-09	-2.82920115069e-06
1.25436635768e-09	-1.26662982325e-06
1.27203348948e-09	3.0279572627e-07
1.28970062128e-09	1.26481401708e-06
1.30736775308e-09	1.39491956475e-06
1.32503488487e-09	8.47684390237e-07
1.34270201667e-09	1.25088184255e-09
1.36036914847e-09	-7.51186973957e-07
1.37803628027e-09	-1.14032752663e-06
1.39570341207e-09	-1.09780032176e-06
1.41337054387e-09	-7.34424844495e-07
1.43103767566e-09	-2.5723385022e-07
1.44870480746e-09	1.2449411102e-07
1.46637193926e-09	2.8037523947e-07
1.48403907106e-09	1.93283021588e-07
1.50170620286e-09	-5.60121673487e-08
1.51937333466e-09	-3.38131073363e-07
1.53704046645e-09	-5.33402470637e-07
1.55470759825e-09	-5.78058532597e-07
1.57237473005e-09	-4.81856687884e-07
1.59004186185e-09	-3.08322753995e-07
1.60770899365e-09	-1.43737189262e-07
1.62537612545e-09	-5.5097864049e-08
1.64304325724e-09	-6.5927217463e-08
1.66071038904e-09	-1.550545079e-07
1.67837752084e-09	-2.69741782688e-07
1.69604465264e-09	-3.5891670791e-07
1.71371178444e-09	-3.89623309616e-07
1.73137891624e-09	-3.5736429993e-07
1.74904604803e-09	-2.89346132831e-07
1.76671317983e-09	-2.19272919821e-07
1.78438031163e-09	-1.77480110608e-07
1.80204744343e-09	-1.7670664576e-07
1.81971457523e-09	-2.08995345474e-07
1.83738170703e-09	-2.55032773566e-07
1.85504883882e-09	-2.93101038551e-07
1.87271597062e-09	-3.08132179327e-07
1.89038310242e-09	-2.98804607723e-07
1.90805023422e-09	-2.73595937017e-07
1.92571736602e-09	-2.4661221687e-07
1.94338449782e-09	-2.26936002434e-07
1.96105162961e-09	-2.23929717436e-07
1.97871876141e-09	-2.33282619888e-07
1.99638589321e-09	-2.49663308693e-07
2.01405302501e-09	-2.6450939572e-07
2.03172015681e-09	-2.72092414377e-07
2.04938728861e-09	-2.7184331941e-07
2.0670544204e-09	-2.65467555494e-07
2.0847215522e-09	-2.57189832098e-07
2.102388684e-09	-2.49383234063e-07
2.1200558158e-09	-2.46809982229e-07
2.1377229476e-09	-2.47384001284e-07
2.1553900794e-09	-2.49873316704e-07
2.17305721119e-09	-2.52826289682e-07
2.19072434299e-09	-2.5462399833e-07
2.20839147479e-09	-2.55330704135e-07
2.22605860659e-09	-2.55642277125e-07
2.24372573839e-09	-2.5574892959e-07
2.26139287019e-09	-2.55992162579e-07
2.27906000198e-09	-2.56725016357e-07
2.29672713378e-09	-2.56288977596e-07
2.31439426558e-09	-2.55084913192e-07
2.33206139738e-09	-2.53615212387e-07
2.34972852918e-09	-2.51349639768e-07
2.36739566098e-09	-2.4930627518e-07
2.38506279277e-09	-2.49046131273e-07
