% time-domain voltage integration by openEMS v0.0.35 @Sat Sep 11 12:04:51 2021
% start-coordinates: (0.0133488,0,0) m -> [99,26,0]
% stop-coordinates: (0.0133488,0,0.000254) m -> [99,26,3]
% t/s	voltage
0	-0
1.76671317983e-11	-0
3.53342635967e-11	-0
5.3001395395e-11	-3.69809671228e-40
7.06685271933e-11	-2.60760738164e-24
8.83356589916e-11	-3.85356675853e-15
1.0600279079e-10	-1.41798270174e-11
1.23669922588e-10	-8.11722520797e-12
1.41337054387e-10	3.6360239819e-10
1.59004186185e-10	-1.59137786282e-09
1.76671317983e-10	-3.10714458607e-08
1.94338449782e-10	-3.81446891851e-08
2.1200558158e-10	-2.6080645199e-08
2.29672713378e-10	7.25577340432e-08
2.47339845177e-10	3.78208738994e-07
2.65006976975e-10	9.26717547145e-07
2.82674108773e-10	1.82354904155e-06
3.00341240572e-10	2.9334116789e-06
3.1800837237e-10	3.70298710095e-06
3.35675504168e-10	3.11793314722e-06
3.53342635967e-10	-4.34687251527e-07
3.71009767765e-10	-8.54441623233e-06
3.88676899563e-10	-2.18425029743e-05
4.06344031362e-10	-3.86890633308e-05
4.2401116316e-10	-5.40809414815e-05
4.41678294958e-10	-5.98362366873e-05
4.59345426757e-10	-4.67629033665e-05
4.77012558555e-10	-8.83309758137e-06
4.94679690353e-10	5.20623616467e-05
5.12346822152e-10	0.000123152211017
5.3001395395e-10	0.000182283984032
5.47681085748e-10	0.000204747142561
5.65348217546e-10	0.000173627540789
5.83015349345e-10	8.91918371053e-05
6.00682481143e-10	-2.78754860119e-05
6.18349612941e-10	-0.000142258028063
6.3601674474e-10	-0.000217287335545
6.53683876538e-10	-0.000229999015573
6.71351008336e-10	-0.000180632523552
6.89018140135e-10	-9.18500027183e-05
7.06685271933e-10	1.95229324618e-06
7.24352403731e-10	6.97693376424e-05
7.4201953553e-10	9.60290381045e-05
7.59686667328e-10	8.41835735628e-05
7.77353799126e-10	5.12481565238e-05
7.95020930925e-10	1.73024282049e-05
8.12688062723e-10	-4.06088690852e-06
8.30355194521e-10	-9.90746775642e-06
8.4802232632e-10	-5.87531258134e-06
8.65689458118e-10	-3.90571898379e-07
8.83356589916e-10	8.96276503681e-07
9.01023721715e-10	-2.46961559469e-06
9.18690853513e-10	-7.00118312125e-06
9.36357985311e-10	-8.59156580191e-06
9.5402511711e-10	-5.47952595298e-06
9.71692248908e-10	8.11670332723e-07
9.89359380706e-10	6.7372632202e-06
1.0070265125e-09	9.06637205844e-06
1.0246936443e-09	6.76235367791e-06
1.0423607761e-09	1.34889052106e-06
1.0600279079e-09	-4.16365060119e-06
1.0776950397e-09	-7.03024534232e-06
1.0953621715e-09	-6.1924149577e-06
1.11302930329e-09	-2.54146885936e-06
1.13069643509e-09	1.77251030209e-06
1.14836356689e-09	4.59053796931e-06
1.16603069869e-09	4.82576444938e-06
1.18369783049e-09	2.7833144145e-06
1.20136496229e-09	-1.96152129206e-07
1.21903209408e-09	-2.56183511738e-06
1.23669922588e-09	-3.33124114604e-06
1.25436635768e-09	-2.43800712951e-06
1.27203348948e-09	-5.99664971901e-07
1.28970062128e-09	1.16375338166e-06
1.30736775308e-09	2.06480081033e-06
1.32503488487e-09	1.86313400263e-06
1.34270201667e-09	8.66164981517e-07
1.36036914847e-09	-3.16734336536e-07
1.37803628027e-09	-1.11786755497e-06
1.39570341207e-09	-1.2572138246e-06
1.41337054387e-09	-8.08883072523e-07
1.43103767566e-09	-9.49987004617e-08
1.44870480746e-09	5.1297912762e-07
1.46637193926e-09	7.68269899254e-07
1.48403907106e-09	6.33599938737e-07
1.50170620286e-09	2.51348396318e-07
1.51937333466e-09	-1.59004610367e-07
1.53704046645e-09	-4.11910320963e-07
1.55470759825e-09	-4.32477875734e-07
1.57237473005e-09	-2.62374392435e-07
1.59004186185e-09	-1.68807998691e-08
1.60770899365e-09	1.8148398695e-07
1.62537612545e-09	2.57708336449e-07
1.64304325724e-09	2.05835057443e-07
1.66071038904e-09	7.66033316779e-08
1.67837752084e-09	-5.87190545076e-08
1.69604465264e-09	-1.40469623489e-07
1.71371178444e-09	-1.45842264487e-07
1.73137891624e-09	-8.99956589251e-08
1.74904604803e-09	-8.88345708105e-09
1.76671317983e-09	5.69867495415e-08
1.78438031163e-09	8.34336546518e-08
1.80204744343e-09	6.84383856253e-08
1.81971457523e-09	2.66118158621e-08
1.83738170703e-09	-1.80209736023e-08
1.85504883882e-09	-4.65156393403e-08
1.87271597062e-09	-5.0175424704e-08
1.89038310242e-09	-3.2843466613e-08
1.90805023422e-09	-6.18772122429e-09
1.92571736602e-09	1.68678999657e-08
1.94338449782e-09	2.72545168656e-08
1.96105162961e-09	2.37219008881e-08
1.97871876141e-09	1.02128570045e-08
1.99638589321e-09	-5.01951091803e-09
2.01405302501e-09	-1.53415684601e-08
2.03172015681e-09	-1.73269039117e-08
2.04938728861e-09	-1.14320894973e-08
2.0670544204e-09	-1.78008613405e-09
2.0847215522e-09	7.06497882419e-09
2.102388684e-09	1.17637921626e-08
2.1200558158e-09	1.08612965288e-08
2.1377229476e-09	6.22513907089e-09
2.1553900794e-09	2.6973234063e-10
2.17305721119e-09	-4.38721059481e-09
2.19072434299e-09	-5.58427981634e-09
2.20839147479e-09	-3.88631560266e-09
2.22605860659e-09	-2.75369359259e-10
2.24372573839e-09	3.40467920523e-09
2.26139287019e-09	5.51817713745e-09
2.27906000198e-09	5.72625258322e-09
2.29672713378e-09	4.45482961631e-09
2.31439426558e-09	2.28322949436e-09
2.33206139738e-09	4.21607235235e-10
2.34972852918e-09	-4.18907769584e-10
2.36739566098e-09	-2.98910202146e-10
2.38506279277e-09	7.97591687141e-10
