% time-domain current integration by openEMS v0.0.35 @Fri Sep 10 19:05:50 2021
% start-coordinates: (0.0173699,-0.00265686,0.0253672) m -> [52,22,49]
% stop-coordinates: (0.0222931,0.00201605,0.0253672) m -> [59,29,49]
% t/s	current
5.26364731097e-13	0
4.16354502298e-10	1.48835044289e-09
8.32182639864e-10	1.43786749174e-09
1.24801077743e-09	-2.53837700859e-10
1.663838915e-09	-6.52105125454e-09
2.07966705256e-09	-2.20517559768e-08
2.49549519013e-09	-5.39947535572e-08
2.9113233277e-09	-1.04563937953e-07
3.32715146526e-09	-1.68733322425e-07
3.74297960283e-09	-2.23195854687e-07
4.1588077404e-09	-2.19129191237e-07
4.57463587796e-09	-8.16566512185e-08
4.99046401553e-09	2.72674952839e-07
5.4062921531e-09	9.02753242826e-07
5.82212029066e-09	1.79407152245e-06
6.23794842823e-09	2.81583652395e-06
6.6537765658e-09	3.70846487385e-06
7.06960470336e-09	4.12420877183e-06
7.48543284093e-09	3.72116437575e-06
7.9012609785e-09	2.28881049225e-06
8.31708911606e-09	-1.4201074805e-07
8.73291725363e-09	-3.25385121869e-06
9.1487453912e-09	-6.48857985652e-06
9.56457352876e-09	-9.17789384403e-06
9.98040166633e-09	-1.07194455268e-05
1.03962298039e-08	-1.07408295662e-05
1.08120579415e-08	-9.20410093386e-06
1.1227886079e-08	-6.42007853457e-06
1.16437142166e-08	-2.97057499665e-06
1.20595423542e-08	4.41212336e-07
1.24753704917e-08	3.16946375278e-06
1.28911986293e-08	4.78605352328e-06
1.33070267669e-08	5.17206353834e-06
1.37228549044e-08	4.51466712548e-06
1.4138683042e-08	3.21393554259e-06
1.45545111796e-08	1.73716034624e-06
1.49703393171e-08	4.75167496461e-07
1.53861674547e-08	-3.49778133568e-07
1.58019955923e-08	-7.02331931279e-07
1.62178237298e-08	-6.88104194069e-07
1.66336518674e-08	-4.75364288377e-07
1.7049480005e-08	-2.21251141852e-07
1.74653081425e-08	-2.70411231185e-08
1.78811362801e-08	7.18287083146e-08
1.82969644177e-08	8.89987461505e-08
1.87127925552e-08	6.03028951218e-08
1.91286206928e-08	2.06742551967e-08
1.95444488304e-08	-7.5777233377e-09
1.99602769679e-08	-1.86520168199e-08
2.03761051055e-08	-1.61634652329e-08
2.07919332431e-08	-7.53130802167e-09
