% time-domain voltage integration by openEMS v0.0.35 @Sun Sep 12 10:04:23 2021
% start-coordinates: (0.0200401,1.33718e-05,0.0246997) m -> [56,26,48]
% stop-coordinates: (0.0200401,1.33718e-05,0.0253672) m -> [56,26,49]
% t/s	voltage
0	0
4.15828137567e-10	-8.37622906147e-07
8.31656275133e-10	-1.27618000079e-06
1.2474844127e-09	-2.67825328137e-07
1.66331255027e-09	3.98218753617e-06
2.07914068783e-09	1.44968844324e-05
2.4949688254e-09	3.37861201842e-05
2.91079696297e-09	6.32611554465e-05
3.32662510053e-09	9.62074627751e-05
3.7424532381e-09	0.000112897498184
4.15828137567e-09	7.60945258662e-05
4.57410951323e-09	-6.37874545646e-05
4.9899376508e-09	-0.000351741153281
5.40576578837e-09	-0.000792247941718
5.82159392593e-09	-0.00130988855381
6.2374220635e-09	-0.00172556506004
6.65325020106e-09	-0.0017772258725
7.06907833863e-09	-0.00120293325745
7.4849064762e-09	0.000124934798805
7.90073461376e-09	0.0020684406627
8.31656275133e-09	0.0041715754196
8.7323908889e-09	0.00574771128595
9.14821902646e-09	0.00611237064004
9.56404716403e-09	0.00487939734012
9.9798753016e-09	0.00218497496098
1.03957034392e-08	-0.00128721655346
1.08115315767e-08	-0.00452190730721
1.12273597143e-08	-0.00655062031001
1.16431878519e-08	-0.00682394020259
1.20590159894e-08	-0.00540746096522
1.2474844127e-08	-0.00291718658991
1.28906722646e-08	-0.000237628686591
1.33065004021e-08	0.00183341640513
1.37223285397e-08	0.00285336002707
1.41381566773e-08	0.00281750201248
1.45539848148e-08	0.00205754814669
1.49698129524e-08	0.00103704654612
1.538564109e-08	0.000152841967065
1.58014692275e-08	-0.000380998506444
1.62172973651e-08	-0.000544617068954
1.66331255027e-08	-0.000448550650617
1.70489536402e-08	-0.000244456110522
1.74647817778e-08	-5.48593088752e-05
1.78806099154e-08	5.85077686992e-05
1.82964380529e-08	9.05811975827e-05
1.87122661905e-08	6.9269532105e-05
1.91280943281e-08	2.95529825962e-05
1.95439224656e-08	-3.48763569491e-06
1.99597506032e-08	-1.94000294869e-05
2.03755787408e-08	-1.9751227228e-05
2.07914068783e-08	-1.17685513032e-05
