% time-domain current integration by openEMS v0.0.35 @Sun Sep 12 12:26:41 2021
% start-coordinates: (-0.0155553,-0.0004125,0.000127) m -> [3,31,2]
% stop-coordinates: (-0.0155553,0.000275,0.00033655) m -> [3,36,5]
% t/s	current
6.52190040711e-14	0
6.25450249042e-11	6.39941086233e-11
1.25024830804e-10	1.55669574453e-10
1.87504636704e-10	1.75073872066e-10
2.49984442605e-10	-3.87191910478e-11
3.12464248505e-10	-8.32493352032e-10
3.74944054405e-10	-2.75181766263e-09
4.37423860305e-10	-6.38707708944e-09
4.99903666205e-10	-1.19577459046e-08
5.62383472105e-10	-1.84891035815e-08
6.24863278005e-10	-2.28040892836e-08
6.87343083905e-10	-1.88045277127e-08
7.49822889806e-10	2.03846162172e-09
8.12302695706e-10	4.81396433827e-08
8.74782501606e-10	1.22955469806e-07
9.37262307506e-10	2.19131123913e-07
9.99742113406e-10	3.14405468771e-07
1.06222191931e-09	3.729645357e-07
1.12470172521e-09	3.5450688074e-07
1.18718153111e-09	2.29802694207e-07
1.24966133701e-09	-2.69924016472e-09
1.31214114291e-09	-3.07514341102e-07
1.37462094881e-09	-6.16736940628e-07
1.43710075471e-09	-8.49657226354e-07
1.49958056061e-09	-9.40717427511e-07
1.56206036651e-09	-8.63951242991e-07
1.62454017241e-09	-6.4277111278e-07
1.68701997831e-09	-3.4047485542e-07
1.74949978421e-09	-3.61710519314e-08
1.81197959011e-09	2.02751209599e-07
1.87445939601e-09	3.39986627296e-07
1.93693920191e-09	3.74920062995e-07
1.99941900781e-09	3.33725722612e-07
2.06189881371e-09	2.53612796541e-07
2.12437861961e-09	1.68024627101e-07
2.18685842551e-09	9.82702843544e-08
2.24933823141e-09	5.21397467423e-08
2.31181803731e-09	2.74608318307e-08
2.37429784321e-09	1.71117076064e-08
2.43677764911e-09	1.30643016405e-08
2.49925745501e-09	8.76784511661e-09
2.56173726091e-09	2.51726361977e-10
2.62421706681e-09	-1.3363065321e-08
2.68669687271e-09	-2.97985813802e-08
2.74917667861e-09	-4.41164793585e-08
2.81165648451e-09	-5.02928259039e-08
2.87413629041e-09	-4.35173994617e-08
2.93661609631e-09	-2.26288090488e-08
2.99909590221e-09	8.56872528487e-09
3.06157570811e-09	4.1911025761e-08
3.12405551401e-09	6.7611722443e-08
3.18653531991e-09	7.7833945511e-08
3.24901512581e-09	6.96182738125e-08
3.31149493171e-09	4.59145859111e-08
3.37397473761e-09	1.42505331979e-08
3.43645454351e-09	-1.62151199135e-08
3.49893434941e-09	-3.78662434741e-08
3.56141415531e-09	-4.68054217606e-08
3.62389396121e-09	-4.33049365256e-08
3.68637376711e-09	-3.0816597274e-08
3.74885357301e-09	-1.41248461816e-08
3.81133337891e-09	2.49587062129e-09
3.87381318481e-09	1.64167399674e-08
3.93629299071e-09	2.68247255519e-08
3.99877279661e-09	3.41522934377e-08
4.06125260251e-09	3.89231864517e-08
4.12373240841e-09	4.08571985133e-08
4.18621221431e-09	3.86265988084e-08
4.24869202021e-09	3.05295877467e-08
4.31117182611e-09	1.57929971323e-08
4.37365163201e-09	-4.18280388104e-09
4.43613143791e-09	-2.5379902624e-08
4.49861124381e-09	-4.20273593704e-08
4.56109104971e-09	-4.85541349349e-08
4.62357085561e-09	-4.18777901245e-08
4.68605066151e-09	-2.28912782063e-08
4.74853046741e-09	3.47583539728e-09
4.81101027331e-09	2.98855873382e-08
4.87349007921e-09	4.91040061945e-08
4.93596988511e-09	5.64173596729e-08
4.99844969101e-09	5.09123303516e-08
5.06092949691e-09	3.54060318841e-08
5.12340930281e-09	1.50335992544e-08
5.18588910871e-09	-4.72238692595e-09
5.24836891461e-09	-1.96479774672e-08
5.31084872051e-09	-2.77099658774e-08
5.37332852641e-09	-2.91102875138e-08
5.43580833231e-09	-2.54510901243e-08
5.49828813821e-09	-1.8716352912e-08
5.56076794411e-09	-1.03428865472e-08
5.62324775001e-09	-9.45829636834e-10
5.68572755591e-09	9.38520816618e-09
