% time-domain voltage integration by openEMS v0.0.35 @Sun Sep 12 12:26:41 2021
% start-coordinates: (-0.0155553,0,0) m -> [3,34,0]
% stop-coordinates: (-0.0155553,0,0.000254) m -> [3,34,4]
% t/s	voltage
0	-0
6.24798059001e-11	-1.34663924456e-09
1.249596118e-10	-5.43043177093e-09
1.874394177e-10	-6.22541973527e-09
2.499192236e-10	2.58156607202e-10
3.12399029501e-10	2.61386361444e-08
3.74878835401e-10	9.06499320052e-08
4.37358641301e-10	2.13546634598e-07
4.99838447201e-10	4.04778553786e-07
5.62318253101e-10	6.33776437553e-07
6.24798059001e-10	7.96542650505e-07
6.87277864901e-10	6.84994873268e-07
7.49757670801e-10	3.89660370637e-09
8.12237476702e-10	-1.54775204919e-06
8.74717282602e-10	-4.10824657138e-06
9.37197088502e-10	-7.4528627465e-06
9.99676894402e-10	-1.08367316898e-05
1.0621567003e-09	-1.30277655899e-05
1.1246365062e-09	-1.26062782329e-05
1.1871163121e-09	-8.50029982757e-06
1.249596118e-09	-5.7276922405e-07
1.3120759239e-09	1.00215283965e-05
1.3745557298e-09	2.09600639209e-05
1.4370355357e-09	2.94100000247e-05
1.4995153416e-09	3.30023131028e-05
1.5619951475e-09	3.07105196953e-05
1.6244749534e-09	2.32389547818e-05
1.6869547593e-09	1.27349267132e-05
1.7494345652e-09	1.97042595573e-06
1.8119143711e-09	-6.63412856738e-06
1.874394177e-09	-1.17164411222e-05
1.9368739829e-09	-1.31725382744e-05
1.9993537888e-09	-1.18729572023e-05
2.0618335947e-09	-9.11426104722e-06
2.1243134006e-09	-6.09408516539e-06
2.1867932065e-09	-3.59368635827e-06
2.2492730124e-09	-1.9181549078e-06
2.3117528183e-09	-1.01018477494e-06
2.3742326242e-09	-6.25236978635e-07
2.4367124301e-09	-4.79297391109e-07
2.499192236e-09	-3.36470911577e-07
2.5616720419e-09	-5.03447017408e-08
2.62415184781e-09	4.1924625549e-07
2.68663165371e-09	9.99518732669e-07
2.74911145961e-09	1.5215681799e-06
2.81159126551e-09	1.77254614186e-06
2.87407107141e-09	1.57618416097e-06
2.93655087731e-09	8.78776432955e-07
2.99903068321e-09	-1.99957646885e-07
3.06151048911e-09	-1.38145495043e-06
3.12399029501e-09	-2.3216728664e-06
3.18647010091e-09	-2.73373620985e-06
3.24894990681e-09	-2.49762234716e-06
3.31142971271e-09	-1.6995254839e-06
3.37390951861e-09	-5.97144378389e-07
3.43638932451e-09	4.88806946919e-07
3.49886913041e-09	1.28203322447e-06
3.56134893631e-09	1.63481621485e-06
3.62382874221e-09	1.54524428808e-06
3.68630854811e-09	1.12791053652e-06
3.74878835401e-09	5.49191767618e-07
3.81126815991e-09	-3.76631899002e-08
3.87374796581e-09	-5.3456453486e-07
3.93622777171e-09	-9.11277425075e-07
3.99870757761e-09	-1.17916130193e-06
4.06118738351e-09	-1.35776932098e-06
4.12366718941e-09	-1.4382529514e-06
4.18614699531e-09	-1.37675988299e-06
4.24862680121e-09	-1.1119560952e-06
4.31110660711e-09	-6.11022926478e-07
4.37358641301e-09	8.19235523863e-08
4.43606621891e-09	8.3396381001e-07
4.49854602481e-09	1.44295350424e-06
4.56102583071e-09	1.70898047713e-06
4.62350563661e-09	1.51302876361e-06
4.68598544251e-09	8.76095114677e-07
4.74846524841e-09	-3.90769425707e-08
4.81094505431e-09	-9.78949941555e-07
4.87342486021e-09	-1.6847353379e-06
4.93590466611e-09	-1.97992233097e-06
4.99838447201e-09	-1.82149011607e-06
5.06086427791e-09	-1.29943305183e-06
5.12334408381e-09	-5.90834574155e-07
5.18582388971e-09	1.11200197495e-07
5.24830369561e-09	6.52756369846e-07
5.31078350151e-09	9.57260439804e-07
5.37326330741e-09	1.02495198462e-06
5.43574311331e-09	9.1032330829e-07
5.49822291921e-09	6.82704893507e-07
5.56070272511e-09	3.93757936479e-07
5.62318253101e-09	6.70756428178e-08
5.68566233691e-09	-2.93941660345e-07
