% time-domain current integration by openEMS v0.0.35 @Sun Sep 12 12:26:41 2021
% start-coordinates: (0.0125922,-0.0004125,0.000127) m -> [92,31,2]
% stop-coordinates: (0.0125922,0.000275,0.00033655) m -> [92,36,5]
% t/s	current
6.52190040711e-14	-0
6.25450249042e-11	-7.8552675432e-13
1.25024830804e-10	5.89145659341e-12
1.87504636704e-10	5.20305977122e-12
2.49984442605e-10	3.4198937085e-12
3.12464248505e-10	-1.48801058281e-11
3.74944054405e-10	-6.30329469176e-11
4.37423860305e-10	-1.6587616003e-10
4.99903666205e-10	-3.45747819264e-10
5.62383472105e-10	-5.98465665913e-10
6.24863278005e-10	-8.67810379113e-10
6.87343083905e-10	-1.00741881504e-09
7.49822889806e-10	-7.65344843057e-10
8.12302695706e-10	1.93661683912e-10
8.74782501606e-10	2.12976081215e-09
9.37262307506e-10	5.1216479946e-09
9.99742113406e-10	8.94571972054e-09
1.06222191931e-09	1.29250352643e-08
1.12470172521e-09	1.607299005e-08
1.18718153111e-09	1.74000689412e-08
1.24966133701e-09	1.62934075121e-08
1.31214114291e-09	1.27785995119e-08
1.37462094881e-09	7.52542295146e-09
1.43710075471e-09	1.44952072567e-09
1.49958056061e-09	-4.88711604518e-09
1.56206036651e-09	-1.17965912594e-08
1.62454017241e-09	-2.05160421984e-08
1.68701997831e-09	-3.25241593657e-08
1.74949978421e-09	-4.82471840257e-08
1.81197959011e-09	-6.57620020661e-08
1.87445939601e-09	-8.02941926281e-08
1.93693920191e-09	-8.51454231565e-08
1.99941900781e-09	-7.42700621004e-08
2.06189881371e-09	-4.55210766859e-08
2.12437861961e-09	-3.02597569224e-09
2.18685842551e-09	4.28259170349e-08
2.24933823141e-09	7.84015412592e-08
2.31181803731e-09	9.18545168815e-08
2.37429784321e-09	7.80164199909e-08
2.43677764911e-09	4.0703714177e-08
2.49925745501e-09	-8.60500204425e-09
2.56173726091e-09	-5.52135439591e-08
2.62421706681e-09	-8.65978861952e-08
2.68669687271e-09	-9.6372787084e-08
2.74917667861e-09	-8.54115000948e-08
2.81165648451e-09	-6.02115051151e-08
2.87413629041e-09	-2.95797022432e-08
2.93661609631e-09	-1.36223143876e-09
2.99909590221e-09	1.96897929072e-08
3.06157570811e-09	3.23147055781e-08
3.12405551401e-09	3.78198912188e-08
3.18653531991e-09	3.83365978962e-08
3.24901512581e-09	3.51450921698e-08
3.31149493171e-09	2.79454202001e-08
3.37397473761e-09	1.52765178285e-08
3.43645454351e-09	-3.96098664979e-09
3.49893434941e-09	-2.86956165496e-08
3.56141415531e-09	-5.45746594582e-08
3.62389396121e-09	-7.45875325947e-08
3.68637376711e-09	-8.13420086843e-08
3.74885357301e-09	-7.02049050005e-08
3.81133337891e-09	-4.19152712539e-08
3.87381318481e-09	-3.11417625021e-09
3.93629299071e-09	3.55133273899e-08
3.99877279661e-09	6.2953581903e-08
4.06125260251e-09	7.17571282394e-08
4.12373240841e-09	6.05263466014e-08
4.18621221431e-09	3.39310304298e-08
4.24869202021e-09	5.49667089622e-10
4.31117182611e-09	-3.03606633167e-08
4.37365163201e-09	-5.18556966256e-08
4.43613143791e-09	-6.08413017744e-08
4.49861124381e-09	-5.81534571609e-08
4.56109104971e-09	-4.72193306678e-08
4.62357085561e-09	-3.22360484972e-08
4.68605066151e-09	-1.6571270578e-08
4.74853046741e-09	-1.93643612256e-09
4.81101027331e-09	1.13364748699e-08
4.87349007921e-09	2.33627179824e-08
4.93596988511e-09	3.34906857802e-08
4.99844969101e-09	3.96973156569e-08
5.06092949691e-09	3.90094001546e-08
5.12340930281e-09	2.89383290664e-08
5.18588910871e-09	9.24347798303e-09
5.24836891461e-09	-1.69696878771e-08
5.31084872051e-09	-4.34549676243e-08
5.37332852641e-09	-6.26673184456e-08
5.43580833231e-09	-6.84319232391e-08
5.49828813821e-09	-5.83543631194e-08
5.56076794411e-09	-3.48875168754e-08
5.62324775001e-09	-4.55863169435e-09
5.68572755591e-09	2.42727864475e-08
