% time-domain voltage integration by openEMS v0.0.35 @Sun Sep 12 12:26:41 2021
% start-coordinates: (-0.0140738,0,0) m -> [4,34,0]
% stop-coordinates: (-0.0140738,0,0.000254) m -> [4,34,4]
% t/s	voltage
0	-0
6.24798059001e-11	-5.22495380295e-09
1.249596118e-10	-8.79062844739e-09
1.874394177e-10	-9.3060934514e-09
2.499192236e-10	3.70473635103e-09
3.12399029501e-10	4.93203673457e-08
3.74878835401e-10	1.59778128506e-07
4.37358641301e-10	3.63349620613e-07
4.99838447201e-10	6.71658739293e-07
5.62318253101e-10	1.02446563233e-06
6.24798059001e-10	1.23897800108e-06
6.87277864901e-10	9.74735087311e-07
7.49757670801e-10	-2.35595518205e-07
8.12237476702e-10	-2.8396034395e-06
8.74717282602e-10	-6.99181396158e-06
9.37197088502e-10	-1.22445640045e-05
9.99676894402e-10	-1.73326516233e-05
1.0621567003e-09	-2.02814476324e-05
1.1246365062e-09	-1.89190436686e-05
1.1871163121e-09	-1.17427628084e-05
1.249596118e-09	1.20141947946e-06
1.3120759239e-09	1.78519148903e-05
1.3745557298e-09	3.44428262906e-05
1.4370355357e-09	4.66122210128e-05
1.4995153416e-09	5.0925575124e-05
1.5619951475e-09	4.6158821533e-05
1.6244749534e-09	3.37565197697e-05
1.6869547593e-09	1.7251677491e-05
1.7494345652e-09	9.28338522499e-07
1.8119143711e-09	-1.16600290312e-05
1.874394177e-09	-1.86836141438e-05
1.9368739829e-09	-2.02319224627e-05
1.9993537888e-09	-1.77919905582e-05
2.0618335947e-09	-1.33853898205e-05
2.1243134006e-09	-8.78707805896e-06
2.1867932065e-09	-5.09929077452e-06
2.2492730124e-09	-2.6976231311e-06
2.3117528183e-09	-1.437431564e-06
2.3742326242e-09	-9.23526073393e-07
2.4367124301e-09	-7.20305166624e-07
2.499192236e-09	-4.81841354372e-07
2.5616720419e-09	-1.50808282529e-09
2.62415184781e-09	7.57048979949e-07
2.68663165371e-09	1.65954776321e-06
2.74911145961e-09	2.4301369308e-06
2.81159126551e-09	2.73941230944e-06
2.87407107141e-09	2.33352648138e-06
2.93655087731e-09	1.1627347476e-06
2.99903068321e-09	-5.51234478507e-07
3.06151048911e-09	-2.35566670881e-06
3.12399029501e-09	-3.71853326442e-06
3.18647010091e-09	-4.22460868776e-06
3.24894990681e-09	-3.73006059817e-06
3.31142971271e-09	-2.41125684397e-06
3.37390951861e-09	-6.86346353973e-07
3.43638932451e-09	9.49077573864e-07
3.49886913041e-09	2.09035522403e-06
3.56134893631e-09	2.53854074117e-06
3.62382874221e-09	2.31972973097e-06
3.68630854811e-09	1.62804693105e-06
3.74878835401e-09	7.23423809745e-07
3.81126815991e-09	-1.68112073595e-07
3.87374796581e-09	-9.10165439905e-07
3.93622777171e-09	-1.46573665916e-06
3.99870757761e-09	-1.85997879498e-06
4.06118738351e-09	-2.11811101281e-06
4.12366718941e-09	-2.22079654577e-06
4.18614699531e-09	-2.09014615393e-06
4.24862680121e-09	-1.63537464459e-06
4.31110660711e-09	-8.16893930278e-07
4.37358641301e-09	2.80357966176e-07
4.43606621891e-09	1.43044661627e-06
4.49854602481e-09	2.31674198403e-06
4.56102583071e-09	2.63906167675e-06
4.62350563661e-09	2.24016895345e-06
4.68598544251e-09	1.18174722274e-06
4.74846524841e-09	-2.60379913186e-07
4.81094505431e-09	-1.68305913917e-06
4.87342486021e-09	-2.69794111318e-06
4.93590466611e-09	-3.05783328258e-06
4.99838447201e-09	-2.72806374824e-06
5.06086427791e-09	-1.86849888451e-06
5.12334408381e-09	-7.60091282359e-07
5.18582388971e-09	3.00048924373e-07
5.24830369561e-09	1.08966943912e-06
5.31078350151e-09	1.50747791849e-06
5.37326330741e-09	1.56938494911e-06
5.43574311331e-09	1.36452879929e-06
5.49822291921e-09	9.97974439088e-07
5.56070272511e-09	5.45266189533e-07
5.62318253101e-09	3.42651622631e-08
5.68566233691e-09	-5.29128428184e-07
