% time-domain voltage integration by openEMS v0.0.35 @Sun Sep 12 12:26:41 2021
% start-coordinates: (0.0125922,0,0) m -> [92,34,0]
% stop-coordinates: (0.0125922,0,0.000254) m -> [92,34,4]
% t/s	voltage
0	-0
6.24798059001e-11	1.08932914772e-11
1.249596118e-10	-3.5696378492e-10
1.874394177e-10	-3.41104651469e-10
2.499192236e-10	-1.33203868075e-10
3.12399029501e-10	4.23322030207e-10
3.74878835401e-10	3.00913421958e-09
4.37358641301e-10	8.6231128904e-09
4.99838447201e-10	1.79698922409e-08
5.62318253101e-10	3.07210443751e-08
6.24798059001e-10	4.3259678506e-08
6.87277864901e-10	4.81162585331e-08
7.49757670801e-10	3.32271126169e-08
8.12237476702e-10	-1.89811268925e-08
8.74717282602e-10	-1.17961707957e-07
9.37197088502e-10	-2.68583129071e-07
9.99676894402e-10	-4.55114417264e-07
1.0621567003e-09	-6.43663611299e-07
1.1246365062e-09	-7.85456279573e-07
1.1871163121e-09	-8.34985058873e-07
1.249596118e-09	-7.66499766769e-07
1.3120759239e-09	-5.85958943589e-07
1.3745557298e-09	-3.30341734411e-07
1.4370355357e-09	-4.33234408348e-08
1.4995153416e-09	2.52240290877e-07
1.5619951475e-09	5.79614436447e-07
1.6244749534e-09	1.00370621681e-06
1.6869547593e-09	1.59902165819e-06
1.7494345652e-09	2.38082958504e-06
1.8119143711e-09	3.24615302816e-06
1.874394177e-09	3.95058282265e-06
1.9368739829e-09	4.16306522766e-06
1.9993537888e-09	3.59133360917e-06
2.0618335947e-09	2.14539335275e-06
2.1243134006e-09	4.46772503437e-08
2.1867932065e-09	-2.18851522504e-06
2.2492730124e-09	-3.8857597815e-06
2.3117528183e-09	-4.47974912277e-06
2.3742326242e-09	-3.7388540477e-06
2.4367124301e-09	-1.8727571387e-06
2.499192236e-09	5.4288771878e-07
2.5616720419e-09	2.78967121403e-06
2.62415184781e-09	4.26968347256e-06
2.68663165371e-09	4.68891812488e-06
2.74911145961e-09	4.11035603065e-06
2.81159126551e-09	2.86027727725e-06
2.87407107141e-09	1.37013597623e-06
2.93655087731e-09	1.40619402789e-08
2.99903068321e-09	-9.86386766044e-07
3.06151048911e-09	-1.57975009074e-06
3.12399029501e-09	-1.8364127925e-06
3.18647010091e-09	-1.85814536735e-06
3.24894990681e-09	-1.70298039848e-06
3.31142971271e-09	-1.34758406034e-06
3.37390951861e-09	-7.18097297181e-07
3.43638932451e-09	2.36309048773e-07
3.49886913041e-09	1.45540337826e-06
3.56134893631e-09	2.71828571385e-06
3.62382874221e-09	3.67624721775e-06
3.68630854811e-09	3.96927453039e-06
3.74878835401e-09	3.38189300919e-06
3.81126815991e-09	1.96502168137e-06
3.87374796581e-09	5.78260550554e-08
3.93622777171e-09	-1.8127434771e-06
3.99870757761e-09	-3.11255132601e-06
4.06118738351e-09	-3.49159444113e-06
4.12366718941e-09	-2.89871991299e-06
4.18614699531e-09	-1.57477003881e-06
4.24862680121e-09	5.51454917286e-08
4.31110660711e-09	1.54349351078e-06
4.37358641301e-09	2.55885157685e-06
4.43606621891e-09	2.96455419857e-06
4.49854602481e-09	2.80966708033e-06
4.56102583071e-09	2.26569159167e-06
4.62350563661e-09	1.53589621732e-06
4.68598544251e-09	7.79098400017e-07
4.74846524841e-09	7.28364835112e-08
4.81094505431e-09	-5.70487955542e-07
4.87342486021e-09	-1.15662780331e-06
4.93590466611e-09	-1.64956443882e-06
4.99838447201e-09	-1.94528581687e-06
5.06086427791e-09	-1.89524908478e-06
5.12334408381e-09	-1.38207397526e-06
5.18582388971e-09	-3.99384802563e-07
5.24830369561e-09	8.89939926196e-07
5.31078350151e-09	2.17609505171e-06
5.37326330741e-09	3.08878827582e-06
5.43574311331e-09	3.3342520851e-06
5.49822291921e-09	2.80566376887e-06
5.56070272511e-09	1.6350718397e-06
5.62318253101e-09	1.49623211598e-07
5.68566233691e-09	-1.24169554283e-06
