% time-domain voltage integration by openEMS v0.0.35 @Sun Sep 12 12:26:41 2021
% start-coordinates: (0.0155553,0,0) m -> [94,34,0]
% stop-coordinates: (0.0155553,0,0.000254) m -> [94,34,4]
% t/s	voltage
0	-0
6.24798059001e-11	5.46537167194e-13
1.249596118e-10	-1.08092847173e-10
1.874394177e-10	-1.15531103781e-10
2.499192236e-10	-1.56737036544e-10
3.12399029501e-10	4.42059625017e-10
3.74878835401e-10	1.50527434961e-09
4.37358641301e-10	3.82502740592e-09
4.99838447201e-10	8.31617663621e-09
5.62318253101e-10	1.47290808439e-08
6.24798059001e-10	2.21525411348e-08
6.87277864901e-10	2.64974513442e-08
7.49757670801e-10	2.23540390643e-08
8.12237476702e-10	7.95185195468e-10
8.74717282602e-10	-4.63403404538e-08
9.37197088502e-10	-1.21453666679e-07
9.99676894402e-10	-2.2019196777e-07
1.0621567003e-09	-3.26755760227e-07
1.1246365062e-09	-4.15494163519e-07
1.1871163121e-09	-4.60480599429e-07
1.249596118e-09	-4.42323305094e-07
1.3120759239e-09	-3.59479152223e-07
1.3745557298e-09	-2.2713848935e-07
1.4370355357e-09	-7.01015387961e-08
1.4995153416e-09	9.42141511473e-08
1.5619951475e-09	2.69913286388e-07
1.6244749534e-09	4.87009998551e-07
1.6869547593e-09	7.87167451222e-07
1.7494345652e-09	1.19148552358e-06
1.8119143711e-09	1.6628987396e-06
1.874394177e-09	2.08823166759e-06
1.9368739829e-09	2.29303691412e-06
1.9993537888e-09	2.10326214756e-06
2.0618335947e-09	1.43224241356e-06
2.1243134006e-09	3.51383064867e-07
2.1867932065e-09	-8.91170685691e-07
2.2492730124e-09	-1.93791979086e-06
2.3117528183e-09	-2.44735912247e-06
2.3742326242e-09	-2.23418851419e-06
2.4367124301e-09	-1.34882114367e-06
2.499192236e-09	-6.21650428911e-08
2.5616720419e-09	1.23627475546e-06
2.62415184781e-09	2.18701751464e-06
2.68663165371e-09	2.57839815276e-06
2.74911145961e-09	2.39332820229e-06
2.81159126551e-09	1.78100816584e-06
2.87407107141e-09	9.7277148825e-07
2.93655087731e-09	1.89657146876e-07
2.99903068321e-09	-4.20621816488e-07
3.06151048911e-09	-8.06421709854e-07
3.12399029501e-09	-9.90975536297e-07
3.18647010091e-09	-1.03075802826e-06
3.24894990681e-09	-9.68649786159e-07
3.31142971271e-09	-8.04597846127e-07
3.37390951861e-09	-5.01851019408e-07
3.43638932451e-09	-2.37500130673e-08
3.49886913041e-09	6.15565554085e-07
3.56134893631e-09	1.31888117494e-06
3.62382874221e-09	1.90982498793e-06
3.68630854811e-09	2.18419120301e-06
3.74878835401e-09	1.99384754751e-06
3.81126815991e-09	1.32385861207e-06
3.87374796581e-09	3.2130790828e-07
3.93622777171e-09	-7.43390572211e-07
3.99870757761e-09	-1.56656608397e-06
4.06118738351e-09	-1.92002480048e-06
4.12366718941e-09	-1.72913618712e-06
4.18614699531e-09	-1.087851075e-06
4.24862680121e-09	-2.10654217625e-07
4.31110660711e-09	6.51321798273e-07
4.37358641301e-09	1.29244193658e-06
4.43606621891e-09	1.60662983717e-06
4.49854602481e-09	1.59584001835e-06
4.56102583071e-09	1.34184392664e-06
4.62350563661e-09	9.56274206487e-07
4.68598544251e-09	5.3631413266e-07
4.74846524841e-09	1.37821523083e-07
4.81094505431e-09	-2.25237929641e-07
4.87342486021e-09	-5.56398433105e-07
4.93590466611e-09	-8.43858416033e-07
4.99838447201e-09	-1.04161077275e-06
5.06086427791e-09	-1.07207551991e-06
5.12334408381e-09	-8.60706961703e-07
5.18582388971e-09	-3.83680792027e-07
5.24830369561e-09	2.94658818234e-07
5.31078350151e-09	1.02123752299e-06
5.37326330741e-09	1.59588611837e-06
5.43574311331e-09	1.83917964591e-06
5.49822291921e-09	1.6603336519e-06
5.56070272511e-09	1.09666461867e-06
5.62318253101e-09	3.03850306693e-07
5.68566233691e-09	-4.97004350564e-07
