% time-domain voltage integration by openEMS v0.0.35 @Sun Sep 12 12:26:41 2021
% start-coordinates: (0.0140738,0,0) m -> [93,34,0]
% stop-coordinates: (0.0140738,0,0.000254) m -> [93,34,4]
% t/s	voltage
0	-0
6.24798059001e-11	3.73147503565e-12
1.249596118e-10	-2.4481998373e-10
1.874394177e-10	-3.08990479037e-10
2.499192236e-10	7.48762267466e-11
3.12399029501e-10	6.33589583576e-10
3.74878835401e-10	2.41160047487e-09
4.37358641301e-10	6.69260469266e-09
4.99838447201e-10	1.38551172757e-08
5.62318253101e-10	2.42439295306e-08
6.24798059001e-10	3.50437865393e-08
6.87277864901e-10	4.15997458703e-08
7.49757670801e-10	3.14110941702e-08
8.12237476702e-10	-6.75953371054e-09
8.74717282602e-10	-8.55226414131e-08
9.37197088502e-10	-2.07218306514e-07
9.99676894402e-10	-3.62679593024e-07
1.0621567003e-09	-5.24836352156e-07
1.1246365062e-09	-6.5403202143e-07
1.1871163121e-09	-7.09169597712e-07
1.249596118e-09	-6.6578441249e-07
1.3120759239e-09	-5.25361869563e-07
1.3745557298e-09	-3.14455071759e-07
1.4370355357e-09	-7.20581763147e-08
1.4995153416e-09	1.79093671449e-07
1.5619951475e-09	4.51634939225e-07
1.6244749534e-09	7.9788631524e-07
1.6869547593e-09	1.28174917791e-06
1.7494345652e-09	1.92621465089e-06
1.8119143711e-09	2.65889195816e-06
1.874394177e-09	3.28906992308e-06
1.9368739829e-09	3.54006886027e-06
1.9993537888e-09	3.15284393082e-06
2.0618335947e-09	2.02040399699e-06
2.1243134006e-09	2.92073423225e-07
2.1867932065e-09	-1.61911907526e-06
2.2492730124e-09	-3.15095161341e-06
2.3117528183e-09	-3.79818300189e-06
2.3742326242e-09	-3.31843403956e-06
2.4367124301e-09	-1.84026018246e-06
2.499192236e-09	1.81505988905e-07
2.5616720419e-09	2.14155829781e-06
2.62415184781e-09	3.5049678786e-06
2.68663165371e-09	3.98433462578e-06
2.74911145961e-09	3.59401798278e-06
2.81159126551e-09	2.58920329088e-06
2.87407107141e-09	1.33010988179e-06
2.93655087731e-09	1.49441742536e-07
2.99903068321e-09	-7.45804811686e-07
3.06151048911e-09	-1.2938743339e-06
3.12399029501e-09	-1.54436602884e-06
3.18647010091e-09	-1.58494103175e-06
3.24894990681e-09	-1.47077398083e-06
3.31142971271e-09	-1.19462720249e-06
3.37390951861e-09	-6.95173710596e-07
3.43638932451e-09	7.83449483066e-08
3.49886913041e-09	1.09029457462e-06
3.56134893631e-09	2.17142803649e-06
3.62382874221e-09	3.03660794998e-06
3.68630854811e-09	3.37432504693e-06
3.74878835401e-09	2.97875584465e-06
3.81126815991e-09	1.85921101092e-06
3.87374796581e-09	2.72424017567e-07
3.93622777171e-09	-1.34573153332e-06
3.99870757761e-09	-2.53484319046e-06
4.06118738351e-09	-2.9693230772e-06
4.12366718941e-09	-2.56945151023e-06
4.18614699531e-09	-1.51001540871e-06
4.24862680121e-09	-1.3872982052e-07
4.31110660711e-09	1.15955450042e-06
4.37358641301e-09	2.08604558338e-06
4.43606621891e-09	2.50021855663e-06
4.49854602481e-09	2.42513300464e-06
4.56102583071e-09	1.99702935788e-06
4.62350563661e-09	1.3892728532e-06
4.68598544251e-09	7.43996949382e-07
4.74846524841e-09	1.37332776262e-07
4.81094505431e-09	-4.15557913414e-07
4.87342486021e-09	-9.19888577755e-07
4.93590466611e-09	-1.35203606533e-06
4.99838447201e-09	-1.63110479434e-06
5.06086427791e-09	-1.63421688626e-06
5.12334408381e-09	-1.25337572854e-06
5.18582388971e-09	-4.68575201751e-07
5.24830369561e-09	6.03466986604e-07
5.31078350151e-09	1.71256846215e-06
5.37326330741e-09	2.54595880733e-06
5.43574311331e-09	2.83847930405e-06
5.49822291921e-09	2.47527833608e-06
5.56070272511e-09	1.54204462888e-06
5.62318253101e-09	2.97886018075e-07
5.68566233691e-09	-9.12539846354e-07
