% time-domain voltage integration by openEMS v0.0.35 @Sun Sep 12 12:26:41 2021
% start-coordinates: (-0.0125922,0,0) m -> [5,34,0]
% stop-coordinates: (-0.0125922,0,0.000254) m -> [5,34,4]
% t/s	voltage
0	-0
6.24798059001e-11	-8.96864338351e-09
1.249596118e-10	-1.11187521412e-08
1.874394177e-10	-9.88842607796e-09
2.499192236e-10	9.40596756038e-09
3.12399029501e-10	7.16967800685e-08
3.74878835401e-10	2.12907004027e-07
4.37358641301e-10	4.72223888437e-07
4.99838447201e-10	8.49608142062e-07
5.62318253101e-10	1.25986886701e-06
6.24798059001e-10	1.46384817867e-06
6.87277864901e-10	1.03323674239e-06
7.49757670801e-10	-5.92438354374e-07
8.12237476702e-10	-3.91587786908e-06
8.74717282602e-10	-9.04373155208e-06
9.37197088502e-10	-1.532402257e-05
9.99676894402e-10	-2.11325586861e-05
1.0621567003e-09	-2.40593749368e-05
1.1246365062e-09	-2.15862160076e-05
1.1871163121e-09	-1.2132060192e-05
1.249596118e-09	3.93536447518e-06
1.3120759239e-09	2.38642292061e-05
1.3745557298e-09	4.30200589108e-05
1.4370355357e-09	5.62979867027e-05
1.4995153416e-09	5.99311943006e-05
1.5619951475e-09	5.29021053808e-05
1.6244749534e-09	3.73215580112e-05
1.6869547593e-09	1.75832351488e-05
1.7494345652e-09	-1.27848142029e-06
1.8119143711e-09	-1.53008895722e-05
1.874394177e-09	-2.26454940275e-05
1.9368739829e-09	-2.36961764131e-05
1.9993537888e-09	-2.03545814657e-05
2.0618335947e-09	-1.50147975546e-05
2.1243134006e-09	-9.68178233052e-06
2.1867932065e-09	-5.5306691138e-06
2.2492730124e-09	-2.90319451324e-06
2.3117528183e-09	-1.57028108561e-06
2.3742326242e-09	-1.04535848777e-06
2.4367124301e-09	-8.24407152322e-07
2.499192236e-09	-5.16055038702e-07
2.5616720419e-09	9.61232196062e-08
2.62415184781e-09	1.02748347786e-06
2.68663165371e-09	2.09261446571e-06
2.74911145961e-09	2.95248179327e-06
2.81159126551e-09	3.21864422403e-06
2.87407107141e-09	2.61772015619e-06
2.93655087731e-09	1.12945329533e-06
2.99903068321e-09	-9.40659930393e-07
3.06151048911e-09	-3.03397797552e-06
3.12399029501e-09	-4.52888559721e-06
3.18647010091e-09	-4.96901452607e-06
3.24894990681e-09	-4.23655080795e-06
3.31142971271e-09	-2.58687691712e-06
3.37390951861e-09	-5.33207355602e-07
3.43638932451e-09	1.3388637683e-06
3.49886913041e-09	2.58223775518e-06
3.56134893631e-09	2.99727918218e-06
3.62382874221e-09	2.64916451442e-06
3.68630854811e-09	1.78390374117e-06
3.74878835401e-09	7.0626791171e-07
3.81126815991e-09	-3.26464650868e-07
3.87374796581e-09	-1.17120319487e-06
3.93622777171e-09	-1.79767815212e-06
3.99870757761e-09	-2.24096459078e-06
4.06118738351e-09	-2.52451832239e-06
4.12366718941e-09	-2.61511530653e-06
4.18614699531e-09	-2.41787842015e-06
4.24862680121e-09	-1.82500619417e-06
4.31110660711e-09	-8.07226328448e-07
4.37358641301e-09	5.14165506615e-07
4.43606621891e-09	1.85114234341e-06
4.49854602481e-09	2.82567475551e-06
4.56102583071e-09	3.09931243692e-06
4.62350563661e-09	2.51486108027e-06
4.68598544251e-09	1.18288889439e-06
4.74846524841e-09	-5.42166588957e-07
4.81094505431e-09	-2.17960882765e-06
4.87342486021e-09	-3.28448305709e-06
4.93590466611e-09	-3.59816095852e-06
4.99838447201e-09	-3.1094489259e-06
5.06086427791e-09	-2.03640593099e-06
5.12334408381e-09	-7.19009719319e-07
5.18582388971e-09	4.99671699572e-07
5.24830369561e-09	1.37486912877e-06
5.31078350151e-09	1.80799912641e-06
5.37326330741e-09	1.83151053079e-06
5.43574311331e-09	1.55837724947e-06
5.49822291921e-09	1.10980360546e-06
5.56070272511e-09	5.66022023918e-07
5.62318253101e-09	-4.23754089596e-08
5.68566233691e-09	-7.1398125101e-07
