% time-domain current integration by openEMS v0.0.35 @Sun Sep 12 12:26:41 2021
% start-coordinates: (0.0140738,-0.0004125,0.000127) m -> [93,31,2]
% stop-coordinates: (0.0140738,0.000275,0.00033655) m -> [93,36,5]
% t/s	current
6.52190040711e-14	-0
6.25450249042e-11	-1.99384291629e-13
1.25024830804e-10	3.62190832881e-12
1.87504636704e-10	4.68821682864e-12
2.49984442605e-10	3.66068373531e-12
3.12464248505e-10	-6.26306038282e-12
3.74944054405e-10	-4.1260762168e-11
4.37423860305e-10	-1.13258590007e-10
4.99903666205e-10	-2.41609954266e-10
5.62383472105e-10	-4.30721597278e-10
6.24863278005e-10	-6.40940689411e-10
6.87343083905e-10	-7.73698272116e-10
7.49822889806e-10	-6.41447672756e-10
8.12302695706e-10	2.73805240633e-12
8.74782501606e-10	1.38274602879e-09
9.37262307506e-10	3.57841445364e-09
9.99742113406e-10	6.45595399362e-09
1.06222191931e-09	9.54358103655e-09
1.12470172521e-09	1.20974528173e-08
1.18718153111e-09	1.33350459564e-08
1.24966133701e-09	1.27261277072e-08
1.31214114291e-09	1.02205257591e-08
1.37462094881e-09	6.27872598358e-09
1.43710075471e-09	1.62148905414e-09
1.49958056061e-09	-3.23888138531e-09
1.56206036651e-09	-8.42675884627e-09
1.62454017241e-09	-1.4797842951e-08
1.68701997831e-09	-2.35202808341e-08
1.74949978421e-09	-3.51045272851e-08
1.81197959011e-09	-4.83917901306e-08
1.87445939601e-09	-6.00236589321e-08
1.93693920191e-09	-6.50135589808e-08
1.99941900781e-09	-5.85289221533e-08
2.06189881371e-09	-3.83921552327e-08
2.12437861961e-09	-7.04697589171e-09
2.18685842551e-09	2.81411924874e-08
2.24933823141e-09	5.69133504769e-08
2.31181803731e-09	6.98012030398e-08
2.37429784321e-09	6.20186995093e-08
2.43677764911e-09	3.55509683914e-08
2.49925745501e-09	-1.47140655216e-09
2.56173726091e-09	-3.79331410727e-08
2.62421706681e-09	-6.382583706e-08
2.68669687271e-09	-7.35442711175e-08
2.74917667861e-09	-6.70643771628e-08
2.81165648451e-09	-4.88914153607e-08
2.87413629041e-09	-2.56693581946e-08
2.93661609631e-09	-3.60937479904e-09
2.99909590221e-09	1.32806725617e-08
3.06157570811e-09	2.37240431744e-08
3.12405551401e-09	2.85190164817e-08
3.18653531991e-09	2.92904811516e-08
3.24901512581e-09	2.71939057939e-08
3.31149493171e-09	2.21581455406e-08
3.37397473761e-09	1.31357227318e-08
3.43645454351e-09	-8.40779057487e-10
3.49893434941e-09	-1.92404936428e-08
3.56141415531e-09	-3.91095369423e-08
3.62389396121e-09	-5.52995054193e-08
3.68637376711e-09	-6.20799909257e-08
3.74885357301e-09	-5.54892594096e-08
3.81133337891e-09	-3.54653089119e-08
3.87381318481e-09	-6.52991571926e-09
3.93629299071e-09	2.34618386941e-08
3.99877279661e-09	4.5931102477e-08
4.06125260251e-09	5.47178800048e-08
4.12373240841e-09	4.80745683262e-08
4.18621221431e-09	2.90102466494e-08
4.24869202021e-09	3.80464593164e-09
4.31117182611e-09	-2.03998986592e-08
4.37365163201e-09	-3.79554734309e-08
4.43613143791e-09	-4.60909248545e-08
4.49861124381e-09	-4.50827748466e-08
4.56109104971e-09	-3.73702526701e-08
4.62357085561e-09	-2.61557318026e-08
4.68605066151e-09	-1.41589699965e-08
4.74853046741e-09	-2.87178014702e-09
4.81101027331e-09	7.35702698762e-09
4.87349007921e-09	1.66364806375e-08
4.93596988511e-09	2.45971829571e-08
4.99844969101e-09	2.98297457846e-08
5.06092949691e-09	3.01392724111e-08
5.12340930281e-09	2.34861534665e-08
5.18588910871e-09	9.37660527001e-09
5.24836891461e-09	-1.01600106106e-08
5.31084872051e-09	-3.06519005733e-08
5.37332852641e-09	-4.63484646218e-08
5.43580833231e-09	-5.22900656108e-08
5.49828813821e-09	-4.61992719636e-08
5.56076794411e-09	-2.94312183513e-08
5.62324775001e-09	-6.63981847282e-09
5.68572755591e-09	1.58631756619e-08
