% time-domain current integration by openEMS v0.0.35 @Sun Sep 12 12:26:41 2021
% start-coordinates: (-0.0140738,-0.0004125,0.000127) m -> [4,31,2]
% stop-coordinates: (-0.0140738,0.000275,0.00033655) m -> [4,36,5]
% t/s	current
6.52190040711e-14	0
6.25450249042e-11	1.6442852635e-10
1.25024830804e-10	2.25011065336e-10
1.87504636704e-10	2.17995455021e-10
2.49984442605e-10	-1.33618116571e-10
3.12464248505e-10	-1.32832267408e-09
3.74944054405e-10	-4.09403888568e-09
4.37423860305e-10	-9.18984888187e-09
4.99903666205e-10	-1.67635985093e-08
5.62383472105e-10	-2.5219570432e-08
6.24863278005e-10	-2.99267419734e-08
6.87343083905e-10	-2.23980478609e-08
7.49822889806e-10	8.74678107721e-09
8.12302695706e-10	7.40378780506e-08
8.74782501606e-10	1.76503078819e-07
9.37262307506e-10	3.04080856495e-07
9.99742113406e-10	4.24974274438e-07
1.06222191931e-09	4.90696265842e-07
1.12470172521e-09	4.49277877124e-07
1.18718153111e-09	2.66332222054e-07
1.24966133701e-09	-5.39461488813e-08
1.31214114291e-09	-4.58605200038e-07
1.37462094881e-09	-8.54840834563e-07
1.43710075471e-09	-1.13777696242e-06
1.49958056061e-09	-1.22732683394e-06
1.56206036651e-09	-1.09821712613e-06
1.62454017241e-09	-7.89387399891e-07
1.68701997831e-09	-3.88382119354e-07
1.74949978421e-09	1.60524449289e-09
1.81197959011e-09	2.97084000067e-07
1.87445939601e-09	4.57134660792e-07
1.93693920191e-09	4.86717965487e-07
1.99941900781e-09	4.23229806756e-07
2.06189881371e-09	3.1552940527e-07
2.12437861961e-09	2.05536096587e-07
2.18685842551e-09	1.1853823878e-07
2.24933823141e-09	6.25734202231e-08
2.31181803731e-09	3.35482361891e-08
2.37429784321e-09	2.17275708536e-08
2.43677764911e-09	1.67689915287e-08
2.49925745501e-09	1.0516513882e-08
2.56173726091e-09	-1.66656843881e-09
2.62421706681e-09	-2.03706669311e-08
2.68669687271e-09	-4.20393178047e-08
2.74917667861e-09	-5.98760223625e-08
2.81165648451e-09	-6.59914149992e-08
2.87413629041e-09	-5.45554001974e-08
2.93661609631e-09	-2.48754581378e-08
2.99909590221e-09	1.71514145109e-08
3.06157570811e-09	6.02902758828e-08
3.12405551401e-09	9.17758455898e-08
3.18653531991e-09	1.02000662139e-07
3.24901512581e-09	8.81249277995e-08
3.31149493171e-09	5.49851719711e-08
3.37397473761e-09	1.2990166276e-08
3.43645454351e-09	-2.58980339396e-08
3.49893434941e-09	-5.22440224415e-08
3.56141415531e-09	-6.16544255649e-08
3.62389396121e-09	-5.518836943e-08
3.68637376711e-09	-3.77495865678e-08
3.74885357301e-09	-1.56144892571e-08
3.81133337891e-09	5.84365444922e-09
3.87381318481e-09	2.35005739313e-08
3.93629299071e-09	3.66061883028e-08
3.99877279661e-09	4.57854838487e-08
4.06125260251e-09	5.16493656733e-08
4.12373240841e-09	5.36009174823e-08
4.18621221431e-09	4.97737957517e-08
4.24869202021e-09	3.79755817903e-08
4.31117182611e-09	1.7514642181e-08
4.37365163201e-09	-9.30596932847e-09
4.43613143791e-09	-3.67885490959e-08
4.49861124381e-09	-5.72363987317e-08
4.56109104971e-09	-6.36109618313e-08
4.62357085561e-09	-5.24899128607e-08
4.68605066151e-09	-2.58079708715e-08
4.74853046741e-09	9.37203648022e-09
4.81101027331e-09	4.3256328297e-08
4.87349007921e-09	6.66359127877e-08
4.93596988511e-09	7.39192955734e-08
4.99844969101e-09	6.46530793347e-08
5.06092949691e-09	4.30645279437e-08
5.12340930281e-09	1.60606976607e-08
5.18588910871e-09	-9.24719678608e-09
5.24836891461e-09	-2.76916143349e-08
5.31084872051e-09	-3.70625485857e-08
5.37332852641e-09	-3.7886159987e-08
5.43580833231e-09	-3.24434559218e-08
5.49828813821e-09	-2.32538450717e-08
5.56076794411e-09	-1.20725029973e-08
5.62324775001e-09	4.27655411084e-10
5.68572755591e-09	1.41394975728e-08
