% time-domain current integration by openEMS v0.0.35 @Sun Sep 12 12:09:16 2021
% start-coordinates: (0.0140738,-0.0004125,0.000127) m -> [93,27,2]
% stop-coordinates: (0.0140738,0.000275,0.00033655) m -> [93,32,5]
% t/s	current
1.1639269974e-13	-0
6.25028797602e-11	-1.10313945749e-13
1.24889366821e-10	1.98252677296e-12
1.87275853881e-10	2.63652055917e-12
2.49662340942e-10	1.64207699088e-12
3.12048828002e-10	-4.22127567276e-12
3.74435315063e-10	-2.29593930673e-11
4.36821802123e-10	-6.28307822437e-11
4.99208289183e-10	-1.35066000051e-10
5.61594776244e-10	-2.39081449083e-10
6.23981263304e-10	-3.56252805034e-10
6.86367750365e-10	-4.28666324659e-10
7.48754237425e-10	-3.55478563252e-10
8.11140724486e-10	4.85782529654e-13
8.73527211546e-10	7.59594165345e-10
9.35913698607e-10	1.96601090963e-09
9.98300185667e-10	3.5483758154e-09
1.06068667273e-09	5.25223287084e-09
1.12307315979e-09	6.68075283983e-09
1.18545964685e-09	7.41639150093e-09
1.24784613391e-09	7.1742292107e-09
1.31023262097e-09	5.91063775701e-09
1.37261910803e-09	3.84018328248e-09
1.43500559509e-09	1.29803501281e-09
1.49739208215e-09	-1.48929646393e-09
1.55977856921e-09	-4.60974458605e-09
1.62216505627e-09	-8.49302672634e-09
1.68455154333e-09	-1.36761562075e-08
1.74693803039e-09	-2.03106971242e-08
1.80932451745e-09	-2.76603095983e-08
1.87171100451e-09	-3.38536061406e-08
1.93409749157e-09	-3.62041312485e-08
1.99648397863e-09	-3.21688631288e-08
2.0588704657e-09	-2.0648709409e-08
2.12125695276e-09	-3.05584824112e-09
2.18364343982e-09	1.65311817568e-08
2.24602992688e-09	3.24341442592e-08
2.30841641394e-09	3.93880270622e-08
2.370802901e-09	3.46890054459e-08
2.43318938806e-09	1.94099509798e-08
2.49557587512e-09	-1.8804982016e-09
2.55796236218e-09	-2.28350849341e-08
2.62034884924e-09	-3.7665643049e-08
2.6827353363e-09	-4.30579767396e-08
2.74512182336e-09	-3.89323560057e-08
2.80750831042e-09	-2.79013327997e-08
2.86989479748e-09	-1.39026621326e-08
2.93228128454e-09	-6.35414665329e-10
2.9946677716e-09	9.48496481357e-09
3.05705425866e-09	1.56756669867e-08
3.11944074572e-09	1.8393368606e-08
3.18182723278e-09	1.85810336006e-08
3.24421371984e-09	1.68855009974e-08
3.3066002069e-09	1.32871962322e-08
3.36898669396e-09	7.23411197612e-09
3.43137318103e-09	-1.69266500816e-09
3.49375966809e-09	-1.30063382286e-08
3.55614615515e-09	-2.4849150293e-08
3.61853264221e-09	-3.41490427047e-08
3.68091912927e-09	-3.76025859339e-08
3.74330561633e-09	-3.30073568477e-08
3.80569210339e-09	-2.04413517224e-08
3.86807859045e-09	-2.64362376434e-09
3.93046507751e-09	1.56671404739e-08
3.99285156457e-09	2.93688593445e-08
4.05523805163e-09	3.46795410167e-08
4.11762453869e-09	3.0457840694e-08
4.18001102575e-09	1.84434369999e-08
4.24239751281e-09	2.45893660988e-09
4.30478399987e-09	-1.30485773298e-08
4.36717048693e-09	-2.44392666104e-08
4.42955697399e-09	-2.98401978682e-08
4.49194346105e-09	-2.92899695609e-08
4.55432994811e-09	-2.42424942343e-08
4.61671643517e-09	-1.67217777403e-08
4.67910292223e-09	-8.49055314944e-09
4.7414894093e-09	-6.09959416309e-10
4.80387589636e-09	6.53108900295e-09
4.86626238342e-09	1.28152706225e-08
4.92864887048e-09	1.78668049244e-08
4.99103535754e-09	2.07482244718e-08
5.0534218446e-09	2.0164630854e-08
5.11580833166e-09	1.50281636024e-08
5.17819481872e-09	5.26427790248e-09
5.24058130578e-09	-7.68538122031e-09
5.30296779284e-09	-2.09206607593e-08
5.3653542799e-09	-3.08456549192e-08
5.42774076696e-09	-3.43800437008e-08
5.49012725402e-09	-3.00862872393e-08
5.55251374108e-09	-1.88509048371e-08
5.61490022814e-09	-3.61206353716e-09
5.6772867152e-09	1.15478000495e-08
5.73967320226e-09	2.27542908959e-08
5.80205968932e-09	2.75109659498e-08
5.86444617638e-09	2.53266918548e-08
5.92683266344e-09	1.75825398685e-08
5.9892191505e-09	6.84949030827e-09
6.05160563757e-09	-4.09079259356e-09
6.11399212463e-09	-1.30480684035e-08
6.17637861169e-09	-1.88773032761e-08
6.23876509875e-09	-2.14206146154e-08
6.30115158581e-09	-2.11215667179e-08
6.36353807287e-09	-1.85490236504e-08
6.42592455993e-09	-1.40439082585e-08
6.48831104699e-09	-7.77172282085e-09
6.55069753405e-09	1.77340746255e-11
6.61308402111e-09	8.6028393298e-09
6.67547050817e-09	1.65390900975e-08
6.73785699523e-09	2.19057536555e-08
6.80024348229e-09	2.28305001571e-08
6.86262996935e-09	1.82887571754e-08
6.92501645641e-09	8.70998473346e-09
6.98740294347e-09	-3.92231713775e-09
7.04978943053e-09	-1.65083022807e-08
7.11217591759e-09	-2.57568082418e-08
7.17456240465e-09	-2.92335506913e-08
7.23694889171e-09	-2.61277879332e-08
7.29933537877e-09	-1.74539422915e-08
7.36172186583e-09	-5.67382052452e-09
