% time-domain voltage integration by openEMS v0.0.35 @Sun Sep 12 12:09:16 2021
% start-coordinates: (0.0125922,0,0) m -> [92,30,0]
% stop-coordinates: (0.0125922,0,0.000254) m -> [92,30,4]
% t/s	voltage
0	-0
6.23864870605e-11	6.10353813931e-12
1.24772974121e-10	-1.86431651367e-10
1.87159461181e-10	-1.75135413116e-10
2.49545948242e-10	-5.99725841904e-11
3.11932435302e-10	4.20696387449e-10
3.74318922363e-10	1.87558335529e-09
4.36705409423e-10	4.95748075924e-09
4.99091896484e-10	1.00654635737e-08
5.61478383544e-10	1.70261564847e-08
6.23864870605e-10	2.39716353434e-08
6.86251357665e-10	2.66281565686e-08
7.48637844726e-10	1.83066575232e-08
8.11024331786e-10	-1.03553181585e-08
8.73410818847e-10	-6.50121680934e-08
9.35797305907e-10	-1.47593581801e-07
9.98183792967e-10	-2.50105856026e-07
1.06057028003e-09	-3.54146884263e-07
1.12295676709e-09	-4.33765428909e-07
1.18534325415e-09	-4.64779681408e-07
1.24772974121e-09	-4.33336616368e-07
1.31011622827e-09	-3.42034176981e-07
1.37250271533e-09	-2.07567641297e-07
1.43488920239e-09	-5.01533605757e-08
1.49727568945e-09	1.21080095283e-07
1.55966217651e-09	3.19602222021e-07
1.62204866357e-09	5.78221886371e-07
1.68443515063e-09	9.30215790618e-07
1.74682163769e-09	1.37588492066e-06
1.80920812475e-09	1.85232894978e-06
1.87159461181e-09	2.2244494744e-06
1.93398109887e-09	2.31460006717e-06
1.99636758593e-09	1.96975867084e-06
2.058754073e-09	1.14624785397e-06
2.12114056006e-09	-3.13219912229e-08
2.18352704712e-09	-1.27362662283e-06
2.24591353418e-09	-2.21053380756e-06
2.30830002124e-09	-2.52579189919e-06
2.3706865083e-09	-2.08778823207e-06
2.43307299536e-09	-1.01197463209e-06
2.49545948242e-09	3.77324489875e-07
2.55784596948e-09	1.66937400081e-06
2.62023245654e-09	2.51603233892e-06
2.6826189436e-09	2.74293950042e-06
2.74500543066e-09	2.38248247797e-06
2.80739191772e-09	1.62552254324e-06
2.86977840478e-09	7.27031789438e-07
2.93216489184e-09	-8.84108946053e-08
2.9945513789e-09	-6.87716280368e-07
3.05693786596e-09	-1.03947908769e-06
3.11932435302e-09	-1.18259299597e-06
3.18171084008e-09	-1.17628044904e-06
3.24409732714e-09	-1.05347319845e-06
3.3064838142e-09	-8.02294294999e-07
3.36887030127e-09	-3.83828037798e-07
3.43125678833e-09	2.21930708477e-07
3.49364327539e-09	9.6793353066e-07
3.55602976245e-09	1.71695637619e-06
3.61841624951e-09	2.2626942382e-06
3.68080273657e-09	2.39838811922e-06
3.74318922363e-09	2.00550653062e-06
3.80557571069e-09	1.12141407271e-06
3.86796219775e-09	-5.00160410866e-08
3.93034868481e-09	-1.19276847954e-06
3.99273517187e-09	-1.98524804773e-06
4.05512165893e-09	-2.21321380423e-06
4.11750814599e-09	-1.83910179885e-06
4.17989463305e-09	-1.00426041172e-06
4.24228112011e-09	3.18771471441e-08
4.30466760717e-09	9.88140669733e-07
4.36705409423e-09	1.65036718158e-06
4.42944058129e-09	1.9224714265e-06
4.49182706835e-09	1.82751784905e-06
4.55421355541e-09	1.46975204984e-06
4.61660004247e-09	9.77735936658e-07
4.67898652954e-09	4.55784856968e-07
4.7413730166e-09	-3.88267169527e-08
4.80375950366e-09	-4.87291700324e-07
4.86614599072e-09	-8.80994875274e-07
4.92853247778e-09	-1.18916335623e-06
4.99091896484e-09	-1.34411095587e-06
5.0533054519e-09	-1.26015549995e-06
5.11569193896e-09	-8.76120864746e-07
5.17807842602e-09	-2.02578853248e-07
5.24046491308e-09	6.48096431632e-07
5.30285140014e-09	1.47627676483e-06
5.3652378872e-09	2.05114992013e-06
5.42762437426e-09	2.18932541429e-06
5.49001086132e-09	1.82534418514e-06
5.55239734838e-09	1.04190573325e-06
5.61478383544e-09	4.76012109729e-08
5.6771703225e-09	-8.92266612595e-07
5.73955680956e-09	-1.54178064804e-06
5.80194329662e-09	-1.76350371817e-06
5.86432978368e-09	-1.54988529744e-06
5.92671627074e-09	-1.00821262095e-06
5.9891027578e-09	-3.09226010131e-07
6.05148924487e-09	3.7354213589e-07
6.11387573193e-09	9.1187389728e-07
6.17626221899e-09	1.24570888715e-06
6.23864870605e-09	1.3748251888e-06
6.30103519311e-09	1.33057065455e-06
6.36342168017e-09	1.1459640632e-06
6.42580816723e-09	8.39747386294e-07
6.48819465429e-09	4.20308289506e-07
6.55058114135e-09	-9.3322505279e-08
6.61296762841e-09	-6.45678539968e-07
6.67535411547e-09	-1.13654920142e-06
6.73774060253e-09	-1.43881308645e-06
6.80012708959e-09	-1.43852815881e-06
6.86251357665e-09	-1.08475632032e-06
6.92490006371e-09	-4.23159846719e-07
6.98728655077e-09	4.01838128994e-07
7.04967303783e-09	1.18422869377e-06
7.11205952489e-09	1.71872775923e-06
7.17444601195e-09	1.8651252276e-06
7.23683249901e-09	1.59348556394e-06
7.29921898607e-09	9.89563972098e-07
7.36160547314e-09	2.21651010435e-07
