% time-domain voltage integration by openEMS v0.0.35 @Sun Sep 12 12:09:16 2021
% start-coordinates: (-0.0155553,0,0) m -> [3,30,0]
% stop-coordinates: (-0.0155553,0,0.000254) m -> [3,30,4]
% t/s	voltage
0	-0
6.23864870605e-11	-7.44986849988e-10
1.24772974121e-10	-3.03963182402e-09
1.87159461181e-10	-3.48211204315e-09
2.49545948242e-10	1.2352134246e-10
3.11932435302e-10	1.45485601344e-08
3.74318922363e-10	5.02477552899e-08
4.36705409423e-10	1.18606619637e-07
4.99091896484e-10	2.25264084719e-07
5.61478383544e-10	3.53573895495e-07
6.23864870605e-10	4.45870696808e-07
6.86251357665e-10	3.87168107352e-07
7.48637844726e-10	1.32741919678e-08
8.11024331786e-10	-8.44142334699e-07
8.73410818847e-10	-2.26557108363e-06
9.35797305907e-10	-4.13064242366e-06
9.98183792967e-10	-6.03072658123e-06
1.06057028003e-09	-7.283852824e-06
1.12295676709e-09	-7.09775031282e-06
1.18534325415e-09	-4.86400142563e-06
1.24772974121e-09	-4.87429559826e-07
1.31011622827e-09	5.4098752571e-06
1.37250271533e-09	1.15496698072e-05
1.43488920239e-09	1.63535719366e-05
1.49727568945e-09	1.84811692634e-05
1.55966217651e-09	1.73267153514e-05
1.62204866357e-09	1.32455018047e-05
1.68443515063e-09	7.40889595363e-06
1.74682163769e-09	1.35815710678e-06
1.80920812475e-09	-3.53843233825e-06
1.87159461181e-09	-6.48845821161e-06
1.93398109887e-09	-7.40035227409e-06
1.99636758593e-09	-6.73700355946e-06
2.058754073e-09	-5.21630693129e-06
2.12114056006e-09	-3.51560237277e-06
2.18352704712e-09	-2.08788071632e-06
2.24591353418e-09	-1.11979522899e-06
2.30830002124e-09	-5.88467500506e-07
2.3706865083e-09	-3.58807703549e-07
2.43307299536e-09	-2.67854318281e-07
2.49545948242e-09	-1.78117254279e-07
2.55784596948e-09	-4.95879293183e-09
2.62023245654e-09	2.7159533289e-07
2.6826189436e-09	6.06291962413e-07
2.74500543066e-09	8.99774221352e-07
2.80739191772e-09	1.02994809481e-06
2.86977840478e-09	8.99156418654e-07
2.93216489184e-09	4.79983597756e-07
2.9945513789e-09	-1.55654557688e-07
3.05693786596e-09	-8.45771495506e-07
3.11932435302e-09	-1.39126547083e-06
3.18171084008e-09	-1.62521178027e-06
3.24409732714e-09	-1.47582605337e-06
3.3064838142e-09	-9.92318319959e-07
3.36887030127e-09	-3.23806347069e-07
3.43125678833e-09	3.3761577356e-07
3.49364327539e-09	8.24098009389e-07
3.55602976245e-09	1.04152098857e-06
3.61841624951e-09	9.85260527386e-07
3.68080273657e-09	7.22655144614e-07
3.74318922363e-09	3.55272135266e-07
3.80557571069e-09	-2.11795159188e-08
3.86796219775e-09	-3.44454974766e-07
3.93034868481e-09	-5.91513696691e-07
3.99273517187e-09	-7.65471099839e-07
4.05512165893e-09	-8.74536809192e-07
4.11750814599e-09	-9.12102350981e-07
4.17989463305e-09	-8.51403115121e-07
4.24228112011e-09	-6.60332986513e-07
4.30466760717e-09	-3.26506842896e-07
4.36705409423e-09	1.17587564574e-07
4.42944058129e-09	5.85277689424e-07
4.49182706835e-09	9.53846381435e-07
4.55421355541e-09	1.1034852605e-06
4.61660004247e-09	9.64714843121e-07
4.67898652954e-09	5.51371627466e-07
4.7413730166e-09	-3.57711034127e-08
4.80375950366e-09	-6.39023568283e-07
4.86614599072e-09	-1.09572945917e-06
4.92853247778e-09	-1.29119243297e-06
4.99091896484e-09	-1.19307446766e-06
5.0533054519e-09	-8.53485744301e-07
5.11569193896e-09	-3.82825348311e-07
5.17807842602e-09	9.17702092096e-08
5.24046491308e-09	4.66518528697e-07
5.30285140014e-09	6.84664257733e-07
5.3652378872e-09	7.40963855606e-07
5.42762437426e-09	6.6595234216e-07
5.49001086132e-09	5.02703841221e-07
5.55239734838e-09	2.87293566714e-07
5.61478383544e-09	4.03187252473e-08
5.6771703225e-09	-2.27649550766e-07
5.73955680956e-09	-5.01284191046e-07
5.80194329662e-09	-7.46871833712e-07
5.86432978368e-09	-9.10515694841e-07
5.92671627074e-09	-9.31805686832e-07
5.9891027578e-09	-7.69099258946e-07
6.05148924487e-09	-4.25424055095e-07
6.11387573193e-09	3.82725255932e-08
6.17626221899e-09	5.13763097842e-07
6.23864870605e-09	8.75345619988e-07
6.30103519311e-09	1.02068281649e-06
6.36342168017e-09	9.06657007249e-07
6.42580816723e-09	5.64229296174e-07
6.48819465429e-09	8.74775647475e-08
6.55058114135e-09	-3.96511971701e-07
6.61296762841e-09	-7.69227099795e-07
6.67535411547e-09	-9.54541860665e-07
6.73774060253e-09	-9.33861358021e-07
6.80012708959e-09	-7.41994512055e-07
6.86251357665e-09	-4.46996935466e-07
6.92490006371e-09	-1.2365344304e-07
6.98728655077e-09	1.68307916937e-07
7.04967303783e-09	3.94509790169e-07
7.11205952489e-09	5.42541982895e-07
7.17444601195e-09	6.10103342069e-07
7.23683249901e-09	5.95464513253e-07
7.29921898607e-09	4.92313574796e-07
7.36160547314e-09	2.95621333635e-07
