% time-domain current integration by openEMS v0.0.35 @Sun Sep 12 12:09:16 2021
% start-coordinates: (-0.0140738,-0.0004125,0.000127) m -> [4,27,2]
% stop-coordinates: (-0.0140738,0.000275,0.00033655) m -> [4,32,5]
% t/s	current
1.1639269974e-13	0
6.25028797602e-11	9.18904327629e-11
1.24889366821e-10	1.25855201261e-10
1.87275853881e-10	1.22976531736e-10
2.49662340942e-10	-7.35249153228e-11
3.12048828002e-10	-7.36748162478e-10
3.74435315063e-10	-2.27521979035e-09
4.36821802123e-10	-5.11304421025e-09
4.99208289183e-10	-9.33761157285e-09
5.61594776244e-10	-1.40764280232e-08
6.23981263304e-10	-1.67674958362e-08
6.86367750365e-10	-1.27100783232e-08
7.48754237425e-10	4.43492353952e-09
8.11140724486e-10	4.05748892263e-08
8.73527211546e-10	9.75232055112e-08
9.35913698607e-10	1.68755448726e-07
9.98300185667e-10	2.36775605345e-07
1.06068667273e-09	2.7469158681e-07
1.12307315979e-09	2.53425838537e-07
1.18545964685e-09	1.53373946432e-07
1.24784613391e-09	-2.38474431313e-08
1.31023262097e-09	-2.49504466865e-07
1.37261910803e-09	-4.7234215117e-07
1.43500559509e-09	-6.33769843716e-07
1.49739208215e-09	-6.8831786848e-07
1.55977856921e-09	-6.20592686573e-07
1.62216505627e-09	-4.5100247803e-07
1.68455154333e-09	-2.27564484589e-07
1.74693803039e-09	-7.85572318307e-09
1.80932451745e-09	1.6075554754e-07
1.87171100451e-09	2.54197743743e-07
1.93409749157e-09	2.74076967344e-07
1.99648397863e-09	2.40553106323e-07
2.0588704657e-09	1.80812520512e-07
2.12125695276e-09	1.18672375038e-07
2.18364343982e-09	6.88855976705e-08
2.24602992688e-09	3.64848311563e-08
2.30841641394e-09	1.94667180153e-08
2.370802901e-09	1.23837340382e-08
2.43318938806e-09	9.2600656032e-09
2.49557587512e-09	5.36877653445e-09
2.55796236218e-09	-1.94253679808e-09
2.62034884924e-09	-1.28935333521e-08
2.6827353363e-09	-2.53112624193e-08
2.74512182336e-09	-3.52235254297e-08
2.80750831042e-09	-3.81396816351e-08
2.86989479748e-09	-3.08601642018e-08
2.93228128454e-09	-1.31401680648e-08
2.9946677716e-09	1.15455351946e-08
3.05705425866e-09	3.66614258951e-08
3.11944074572e-09	5.48523360067e-08
3.18182723278e-09	6.05039502943e-08
3.24421371984e-09	5.1910895138e-08
3.3066002069e-09	3.18324744342e-08
3.36898669396e-09	6.37408259507e-09
3.43137318103e-09	-1.73130114689e-08
3.49375966809e-09	-3.34384964162e-08
3.55614615515e-09	-3.92238916902e-08
3.61853264221e-09	-3.51551925348e-08
3.68091912927e-09	-2.41536870504e-08
3.74330561633e-09	-1.00810684245e-08
3.80569210339e-09	3.71118202835e-09
3.86807859045e-09	1.5197334946e-08
3.93046507751e-09	2.37689565807e-08
3.99285156457e-09	2.96839299807e-08
4.05523805163e-09	3.31548761778e-08
4.11762453869e-09	3.3787614484e-08
4.18001102575e-09	3.05138492251e-08
4.24239751281e-09	2.21986589111e-08
4.30478399987e-09	8.70212257809e-09
4.36717048693e-09	-8.33006463807e-09
4.42955697399e-09	-2.53075764789e-08
4.49194346105e-09	-3.75520770035e-08
4.55432994811e-09	-4.08785467698e-08
4.61671643517e-09	-3.33039338329e-08
4.67910292223e-09	-1.6076967313e-08
4.7414894093e-09	6.4521521459e-09
4.80387589636e-09	2.81941243685e-08
4.86626238342e-09	4.334108894e-08
4.92864887048e-09	4.82138560187e-08
4.99103535754e-09	4.23251051984e-08
5.0534218446e-09	2.81986629602e-08
5.11580833166e-09	1.02191570761e-08
5.17819481872e-09	-6.9475207809e-09
5.24058130578e-09	-1.97590832585e-08
5.30296779284e-09	-2.65312021241e-08
5.3653542799e-09	-2.7420501425e-08
5.42774076696e-09	-2.37213626519e-08
5.49012725402e-09	-1.70686700329e-08
5.55251374108e-09	-8.69608207665e-09
5.61490022814e-09	7.29146631961e-10
5.6772867152e-09	1.08207922622e-08
5.73967320226e-09	2.08873380814e-08
5.80205968932e-09	2.95087900781e-08
5.86444617638e-09	3.45811130842e-08
5.92683266344e-09	3.3919985043e-08
5.9892191505e-09	2.62931205697e-08
6.05160563757e-09	1.22568701855e-08
6.11399212463e-09	-5.47652101446e-09
6.17637861169e-09	-2.26262848457e-08
6.23876509875e-09	-3.45629480591e-08
6.30115158581e-09	-3.78994720052e-08
6.36353807287e-09	-3.15832053843e-08
6.42592455993e-09	-1.73689791438e-08
6.48831104699e-09	8.56949455841e-10
6.55069753405e-09	1.83200192794e-08
6.61308402111e-09	3.08541636684e-08
6.67547050817e-09	3.6058217745e-08
6.73785699523e-09	3.37093375435e-08
6.80024348229e-09	2.54646899123e-08
6.86262996935e-09	1.39841285218e-08
6.92501645641e-09	2.0095212161e-09
6.98740294347e-09	-8.4279347945e-09
7.04978943053e-09	-1.62327182807e-08
7.11217591759e-09	-2.10657926658e-08
7.17456240465e-09	-2.28890986165e-08
7.23694889171e-09	-2.16027480349e-08
7.29933537877e-09	-1.69720806298e-08
7.36172186583e-09	-8.88670559362e-09
