% time-domain voltage integration by openEMS v0.0.35 @Sun Sep 12 12:09:16 2021
% start-coordinates: (-0.0125922,0,0) m -> [5,30,0]
% stop-coordinates: (-0.0125922,0,0.000254) m -> [5,30,4]
% t/s	voltage
0	-0
6.23864870605e-11	-5.02678154657e-09
1.24772974121e-10	-6.22231255409e-09
1.87159461181e-10	-5.58417545538e-09
2.49545948242e-10	5.05840946907e-09
3.11932435302e-10	3.97054442658e-08
3.74318922363e-10	1.18356123124e-07
4.36705409423e-10	2.62485507108e-07
4.99091896484e-10	4.73067387929e-07
5.61478383544e-10	7.03022166704e-07
6.23864870605e-10	8.20370331667e-07
6.86251357665e-10	5.87848631994e-07
7.48637844726e-10	-3.06926672522e-07
8.11024331786e-10	-2.14610901139e-06
8.73410818847e-10	-4.99654845498e-06
9.35797305907e-10	-8.50406786412e-06
9.98183792967e-10	-1.17754145776e-05
1.06057028003e-09	-1.34734618769e-05
1.12295676709e-09	-1.21874838896e-05
1.18534325415e-09	-7.01411192949e-06
1.24772974121e-09	1.87926883655e-06
1.31011622827e-09	1.29973675485e-05
1.37250271533e-09	2.37790309257e-05
1.43488920239e-09	3.1370042052e-05
1.49727568945e-09	3.36267221428e-05
1.55966217651e-09	2.99168041238e-05
1.62204866357e-09	2.13528160202e-05
1.68443515063e-09	1.03477443645e-05
1.74682163769e-09	-2.87710591351e-07
1.80920812475e-09	-8.30040380606e-06
1.87159461181e-09	-1.26030520278e-05
1.93398109887e-09	-1.33522592023e-05
1.99636758593e-09	-1.15774773803e-05
2.058754073e-09	-8.61170929056e-06
2.12114056006e-09	-5.59578882076e-06
2.18352704712e-09	-3.21801627479e-06
2.24591353418e-09	-1.69508737713e-06
2.30830002124e-09	-9.12286296284e-07
2.3706865083e-09	-5.96349607918e-07
2.43307299536e-09	-4.55577605862e-07
2.49545948242e-09	-2.6337921355e-07
2.55784596948e-09	1.03832581644e-07
2.62023245654e-09	6.49834433375e-07
2.6826189436e-09	1.26082707652e-06
2.74500543066e-09	1.73808621184e-06
2.80739191772e-09	1.86217363307e-06
2.86977840478e-09	1.48159733726e-06
2.93216489184e-09	5.93244052993e-07
2.9945513789e-09	-6.2296206238e-07
3.05693786596e-09	-1.84291587857e-06
3.11932435302e-09	-2.7072040325e-06
3.18171084008e-09	-2.94977576232e-06
3.24409732714e-09	-2.49789695772e-06
3.3064838142e-09	-1.49719647879e-06
3.36887030127e-09	-2.51674983076e-07
3.43125678833e-09	8.90487939387e-07
3.49364327539e-09	1.65337462477e-06
3.55602976245e-09	1.90933891986e-06
3.61841624951e-09	1.69083708101e-06
3.68080273657e-09	1.14477603574e-06
3.74318922363e-09	4.5909405344e-07
3.80557571069e-09	-2.06301603356e-07
3.86796219775e-09	-7.57311667599e-07
3.93034868481e-09	-1.16871115097e-06
3.99273517187e-09	-1.4536326205e-06
4.05512165893e-09	-1.62126394798e-06
4.11750814599e-09	-1.64898776234e-06
4.17989463305e-09	-1.48188360072e-06
4.24228112011e-09	-1.06524603893e-06
4.30466760717e-09	-3.94526288972e-07
4.36705409423e-09	4.44118711584e-07
4.42944058129e-09	1.27004159367e-06
4.49182706835e-09	1.85339985137e-06
4.55421355541e-09	1.99270903067e-06
4.61660004247e-09	1.59750973694e-06
4.67898652954e-09	7.37770392334e-07
4.7413730166e-09	-3.67896873854e-07
4.80375950366e-09	-1.42005418979e-06
4.86614599072e-09	-2.13749456179e-06
4.92853247778e-09	-2.34880326389e-06
4.99091896484e-09	-2.03851578817e-06
5.0533054519e-09	-1.33588829954e-06
5.11569193896e-09	-4.57137645071e-07
5.17807842602e-09	3.71564581769e-07
5.24046491308e-09	9.81538988754e-07
5.30285140014e-09	1.29702448248e-06
5.3652378872e-09	1.32894410854e-06
5.42762437426e-09	1.14294027753e-06
5.49001086132e-09	8.16738534581e-07
5.55239734838e-09	4.08513862737e-07
5.61478383544e-09	-5.1563672443e-08
5.6771703225e-09	-5.45350587799e-07
5.73955680956e-09	-1.03743263935e-06
5.80194329662e-09	-1.45568984067e-06
5.86432978368e-09	-1.69551705653e-06
5.92671627074e-09	-1.65015919151e-06
5.9891027578e-09	-1.26170061776e-06
6.05148924487e-09	-5.63867700976e-07
6.11387573193e-09	3.07178197545e-07
6.17626221899e-09	1.1387535892e-06
6.23864870605e-09	1.70575492575e-06
6.30103519311e-09	1.84622604138e-06
6.36342168017e-09	1.51699242679e-06
6.42580816723e-09	8.08665660657e-07
6.48819465429e-09	-8.40898071175e-08
6.55058114135e-09	-9.28233262698e-07
6.61296762841e-09	-1.52394520114e-06
6.67535411547e-09	-1.75922974677e-06
6.73774060253e-09	-1.62895682365e-06
6.80012708959e-09	-1.21709510381e-06
6.86251357665e-09	-6.55458478604e-07
6.92490006371e-09	-7.50811022243e-08
6.98728655077e-09	4.27418797244e-07
7.04967303783e-09	8.01508733161e-07
7.11205952489e-09	1.03146956576e-06
7.17444601195e-09	1.11596270358e-06
7.23683249901e-09	1.04912774646e-06
7.29921898607e-09	8.17284387722e-07
7.36160547314e-09	4.15946196597e-07
