% time-domain voltage integration by openEMS v0.0.35 @Sun Sep 12 12:09:16 2021
% start-coordinates: (0.0155553,0,0) m -> [94,30,0]
% stop-coordinates: (0.0155553,0,0.000254) m -> [94,30,4]
% t/s	voltage
0	-0
6.23864870605e-11	2.93474791723e-13
1.24772974121e-10	-6.26966412814e-11
1.87159461181e-10	-9.22866210534e-11
2.49545948242e-10	-6.92465928348e-11
3.11932435302e-10	1.63386543878e-10
3.74318922363e-10	7.90678078566e-10
4.36705409423e-10	2.13176543085e-09
4.99091896484e-10	4.6156567457e-09
5.61478383544e-10	8.20063150719e-09
6.23864870605e-10	1.22656920176e-08
6.86251357665e-10	1.47708827392e-08
7.48637844726e-10	1.24101440235e-08
8.11024331786e-10	4.07998100582e-10
8.73410818847e-10	-2.54853778081e-08
9.35797305907e-10	-6.67234623108e-08
9.98183792967e-10	-1.20975972351e-07
1.06057028003e-09	-1.79666777456e-07
1.12295676709e-09	-2.29236395199e-07
1.18534325415e-09	-2.55521491965e-07
1.24772974121e-09	-2.48570977135e-07
1.31011622827e-09	-2.06988115536e-07
1.37250271533e-09	-1.37946365442e-07
1.43488920239e-09	-5.29689128115e-08
1.49727568945e-09	4.03287225836e-08
1.55966217651e-09	1.45400861129e-07
1.62204866357e-09	2.77646641678e-07
1.68443515063e-09	4.56692085038e-07
1.74682163769e-09	6.89237751317e-07
1.80920812475e-09	9.51575160002e-07
1.87159461181e-09	1.17983199743e-06
1.93398109887e-09	1.27965978436e-06
1.99636758593e-09	1.15916932941e-06
2.058754073e-09	7.74204778509e-07
2.12114056006e-09	1.66664310797e-07
2.18352704712e-09	-5.26049717564e-07
2.24591353418e-09	-1.10585418156e-06
2.30830002124e-09	-1.38304889674e-06
2.3706865083e-09	-1.25270119611e-06
2.43307299536e-09	-7.4118489124e-07
2.49545948242e-09	-1.13566135662e-09
2.55784596948e-09	7.45810169178e-07
2.62023245654e-09	1.29173309915e-06
2.6826189436e-09	1.51111345303e-06
2.74500543066e-09	1.39187105219e-06
2.80739191772e-09	1.02009045122e-06
2.86977840478e-09	5.32299878842e-07
2.93216489184e-09	6.07749992554e-08
2.9945513789e-09	-3.05316319782e-07
3.05693786596e-09	-5.34404321684e-07
3.11932435302e-09	-6.40401964347e-07
3.18171084008e-09	-6.55558039853e-07
3.24409732714e-09	-6.03645560204e-07
3.3064838142e-09	-4.85263171868e-07
3.36887030127e-09	-2.81423247372e-07
3.43125678833e-09	2.48365163991e-08
3.49364327539e-09	4.19516048566e-07
3.55602976245e-09	8.4044629034e-07
3.61841624951e-09	1.18192252785e-06
3.68080273657e-09	1.32597767788e-06
3.74318922363e-09	1.18957541417e-06
3.80557571069e-09	7.67960884218e-07
3.86796219775e-09	1.50643852947e-07
3.93034868481e-09	-5.00309326412e-07
3.99273517187e-09	-1.0030234705e-06
4.05512165893e-09	-1.21805621234e-06
4.11750814599e-09	-1.09673879933e-06
4.17989463305e-09	-6.93045734579e-07
4.24228112011e-09	-1.36709846998e-07
4.30466760717e-09	4.15284382882e-07
4.36705409423e-09	8.31384937783e-07
4.42944058129e-09	1.0400365511e-06
4.49182706835e-09	1.03753407643e-06
4.55421355541e-09	8.71988149242e-07
4.61660004247e-09	6.13951456785e-07
4.67898652954e-09	3.26096809999e-07
4.7413730166e-09	4.76865391619e-08
4.80375950366e-09	-2.06330376784e-07
4.86614599072e-09	-4.31623952579e-07
4.92853247778e-09	-6.15755823219e-07
4.99091896484e-09	-7.27370263576e-07
5.0533054519e-09	-7.20293229506e-07
5.11569193896e-09	-5.54247179707e-07
5.17807842602e-09	-2.22792714055e-07
5.24046491308e-09	2.2789648213e-07
5.30285140014e-09	6.9910325351e-07
5.3652378872e-09	1.0641314816e-06
5.42762437426e-09	1.21093972894e-06
5.49001086132e-09	1.08355277462e-06
5.55239734838e-09	7.05441010496e-07
5.61478383544e-09	1.75478461983e-07
5.6771703225e-09	-3.64052041846e-07
5.73955680956e-09	-7.74448849938e-07
5.80194329662e-09	-9.62896066881e-07
5.86432978368e-09	-9.05966828668e-07
5.92671627074e-09	-6.4743615269e-07
5.9891027578e-09	-2.75617153989e-07
6.05148924487e-09	1.11061600805e-07
6.11387573193e-09	4.33817476164e-07
6.17626221899e-09	6.48878980769e-07
6.23864870605e-09	7.48450347032e-07
6.30103519311e-09	7.47270405554e-07
6.36342168017e-09	6.64364890213e-07
6.42580816723e-09	5.12636745498e-07
6.48819465429e-09	2.97598454324e-07
6.55058114135e-09	2.67651727448e-08
6.61296762841e-09	-2.75492190838e-07
6.67535411547e-09	-5.60727158927e-07
6.73774060253e-09	-7.61224242751e-07
6.80012708959e-09	-8.0982424322e-07
6.86251357665e-09	-6.66938760219e-07
6.92490006371e-09	-3.4257409709e-07
6.98728655077e-09	9.74218927752e-08
7.04967303783e-09	5.45763299442e-07
7.11205952489e-09	8.85662458927e-07
7.17444601195e-09	1.02768996157e-06
7.23683249901e-09	9.37803278589e-07
7.29921898607e-09	6.46485929678e-07
7.36160547314e-09	2.37416546867e-07
