% time-domain current integration by openEMS v0.0.35 @Sun Sep 12 12:09:16 2021
% start-coordinates: (0.0125922,-0.0004125,0.000127) m -> [92,27,2]
% stop-coordinates: (0.0125922,0.000275,0.00033655) m -> [92,32,5]
% t/s	current
1.1639269974e-13	-0
6.25028797602e-11	-4.38311604893e-13
1.24889366821e-10	3.58696449279e-12
1.87275853881e-10	3.63233748635e-12
2.49662340942e-10	1.45581712917e-12
3.12048828002e-10	-8.02124686117e-12
3.74435315063e-10	-3.44469661129e-11
4.36821802123e-10	-9.27468171708e-11
4.99208289183e-10	-1.92494173379e-10
5.61594776244e-10	-3.33126415342e-10
6.23981263304e-10	-4.81289397225e-10
6.86367750365e-10	-5.57993096173e-10
7.48754237425e-10	-4.2325551397e-10
8.11140724486e-10	1.05335733191e-10
8.73527211546e-10	1.17042253667e-09
9.35913698607e-10	2.81458190088e-09
9.98300185667e-10	4.91749840847e-09
1.06068667273e-09	7.11530612207e-09
1.12307315979e-09	8.88315820902e-09
1.18545964685e-09	9.69186686461e-09
1.24784613391e-09	9.21012333066e-09
1.31023262097e-09	7.42842720669e-09
1.37261910803e-09	4.65596539101e-09
1.43500559509e-09	1.31740540699e-09
1.49739208215e-09	-2.34693509071e-09
1.55977856921e-09	-6.52452314398e-09
1.62216505627e-09	-1.18280043537e-08
1.68455154333e-09	-1.89231244008e-08
1.74693803039e-09	-2.78754903604e-08
1.80932451745e-09	-3.75127306995e-08
1.87171100451e-09	-4.51864679007e-08
1.93409749157e-09	-4.7313456264e-08
1.99648397863e-09	-4.07143794234e-08
2.0588704657e-09	-2.43396733879e-08
2.12125695276e-09	-5.33614874509e-10
2.18364343982e-09	2.4950846722e-08
2.24602992688e-09	4.45768471025e-08
2.30841641394e-09	5.17451255178e-08
2.370802901e-09	4.35318625591e-08
2.43318938806e-09	2.2021819035e-08
2.49557587512e-09	-6.31336050105e-09
2.55796236218e-09	-3.30845963958e-08
2.62034884924e-09	-5.10226527695e-08
2.6827353363e-09	-5.63395943232e-08
2.74512182336e-09	-4.94749947677e-08
2.80750831042e-09	-3.42129844455e-08
2.86989479748e-09	-1.57597188633e-08
2.93228128454e-09	1.19532939102e-09
2.9946677716e-09	1.37897782082e-08
3.05705425866e-09	2.1246018278e-08
3.11944074572e-09	2.43214621776e-08
3.18182723278e-09	2.42305642217e-08
3.24421371984e-09	2.17185522899e-08
3.3066002069e-09	1.6629284616e-08
3.36898669396e-09	8.19695600285e-09
3.43137318103e-09	-4.01682731521e-09
3.49375966809e-09	-1.91521163373e-08
3.55614615515e-09	-3.44975497057e-08
3.61853264221e-09	-4.59107702966e-08
3.68091912927e-09	-4.91377285528e-08
3.74330561633e-09	-4.16212770915e-08
3.80569210339e-09	-2.39415189895e-08
3.86807859045e-09	-1.29051075382e-10
3.93046507751e-09	2.34420518552e-08
3.99285156457e-09	4.01477748824e-08
4.05523805163e-09	4.54312889531e-08
4.11762453869e-09	3.83308744745e-08
4.18001102575e-09	2.15711395413e-08
4.24239751281e-09	3.80127540556e-10
4.30478399987e-09	-1.94467091319e-08
4.36717048693e-09	-3.34131584623e-08
4.42955697399e-09	-3.94029378015e-08
4.49194346105e-09	-3.77721462996e-08
4.55432994811e-09	-3.0588051203e-08
4.61671643517e-09	-2.05100718631e-08
4.67910292223e-09	-9.73176472741e-09
4.7414894093e-09	4.86054252402e-10
4.80387589636e-09	9.72493552354e-09
4.86626238342e-09	1.78122405714e-08
4.92864887048e-09	2.41556694647e-08
4.99103535754e-09	2.74441909198e-08
5.0534218446e-09	2.59434731475e-08
5.11580833166e-09	1.8356242748e-08
5.17819481872e-09	4.83007278618e-09
5.24058130578e-09	-1.24622516751e-08
5.30296779284e-09	-2.95108399939e-08
5.3653542799e-09	-4.16072509779e-08
5.42774076696e-09	-4.49075017173e-08
5.49012725402e-09	-3.79308318088e-08
5.55251374108e-09	-2.22248619508e-08
5.61490022814e-09	-1.94921367935e-09
5.6772867152e-09	1.74936456432e-08
5.73967320226e-09	3.11813188603e-08
5.80205968932e-09	3.61826621997e-08
5.86444617638e-09	3.22059889868e-08
5.92683266344e-09	2.13282973505e-08
5.9892191505e-09	7.03611036101e-09
6.05160563757e-09	-7.08748126854e-09
6.11399212463e-09	-1.83347683702e-08
6.17637861169e-09	-2.54005918521e-08
6.23876509875e-09	-2.82070207192e-08
6.30115158581e-09	-2.74023648217e-08
6.36353807287e-09	-2.36831088074e-08
6.42592455993e-09	-1.74655649943e-08
6.48831104699e-09	-8.94366447568e-09
6.55069753405e-09	1.50050294412e-09
6.61308402111e-09	1.27787824766e-08
6.67547050817e-09	2.2900700003e-08
6.73785699523e-09	2.9283881986e-08
6.80024348229e-09	2.95807289774e-08
6.86262996935e-09	2.266507515e-08
6.92501645641e-09	9.37379596166e-09
6.98740294347e-09	-7.43439620976e-09
7.04978943053e-09	-2.35946604477e-08
7.11217591759e-09	-3.48525155403e-08
7.17456240465e-09	-3.82640230612e-08
7.23694889171e-09	-3.3091083651e-08
7.29933537877e-09	-2.09629753556e-08
7.36172186583e-09	-5.28859578353e-09
