% time-domain voltage integration by openEMS v0.0.35 @Sun Sep 12 12:09:16 2021
% start-coordinates: (-0.0140738,0,0) m -> [4,30,0]
% stop-coordinates: (-0.0140738,0,0.000254) m -> [4,30,4]
% t/s	voltage
0	-0
6.23864870605e-11	-2.90756901888e-09
1.24772974121e-10	-4.92301055477e-09
1.87159461181e-10	-5.24596666107e-09
2.49545948242e-10	2.03142513922e-09
3.11932435302e-10	2.7495087096e-08
3.74318922363e-10	8.86592950167e-08
4.36705409423e-10	2.0196005579e-07
4.99091896484e-10	3.73883025873e-07
5.61478383544e-10	5.71459992216e-07
6.23864870605e-10	6.93915595207e-07
6.86251357665e-10	5.52438038426e-07
7.48637844726e-10	-1.1291094637e-07
8.11024331786e-10	-1.55290570092e-06
8.73410818847e-10	-3.8594923808e-06
9.35797305907e-10	-6.79073787069e-06
9.98183792967e-10	-9.65200979408e-06
1.06057028003e-09	-1.13483454243e-05
1.12295676709e-09	-1.06661734662e-05
1.18534325415e-09	-6.74951832025e-06
1.24772974121e-09	4.05953294091e-07
1.31011622827e-09	9.684982615e-06
1.37250271533e-09	1.90100618056e-05
1.43488920239e-09	2.5946394544e-05
1.49727568945e-09	2.85462365355e-05
1.55966217651e-09	2.60726937995e-05
1.62204866357e-09	1.92753932424e-05
1.68443515063e-09	1.00883705727e-05
1.74682163769e-09	8.98577184216e-07
1.80920812475e-09	-6.27947008525e-06
1.87159461181e-09	-1.03736638266e-05
1.93398109887e-09	-1.1383686342e-05
1.99636758593e-09	-1.01080552213e-05
2.058754073e-09	-7.66906612171e-06
2.12114056006e-09	-5.07439938247e-06
2.18352704712e-09	-2.96488627782e-06
2.24591353418e-09	-1.57498999442e-06
2.30830002124e-09	-8.36524421288e-07
2.3706865083e-09	-5.28333643501e-07
2.43307299536e-09	-4.00725383543e-07
2.49545948242e-09	-2.51050877864e-07
2.55784596948e-09	3.85008505077e-08
2.62023245654e-09	4.84326214689e-07
2.6826189436e-09	1.00328995245e-06
2.74500543066e-09	1.4340803034e-06
2.80739191772e-09	1.58848646947e-06
2.86977840478e-09	1.32623628701e-06
2.93216489184e-09	6.25102913432e-07
2.9945513789e-09	-3.83517622993e-07
3.05693786596e-09	-1.43628719229e-06
3.11932435302e-09	-2.22588482757e-06
3.18171084008e-09	-2.51002666118e-06
3.24409732714e-09	-2.20242992555e-06
3.3064838142e-09	-1.40267118809e-06
3.36887030127e-09	-3.55927831208e-07
3.43125678833e-09	6.40752475078e-07
3.49364327539e-09	1.34071680691e-06
3.55602976245e-09	1.61703732715e-06
3.61841624951e-09	1.47974284914e-06
3.68080273657e-09	1.04413274471e-06
3.74318922363e-09	4.69028641703e-07
3.80557571069e-09	-1.04163818904e-07
3.86796219775e-09	-5.87576352018e-07
3.93034868481e-09	-9.5240761766e-07
3.99273517187e-09	-1.2073149378e-06
4.05512165893e-09	-1.36306869081e-06
4.11750814599e-09	-1.40434883633e-06
4.17989463305e-09	-1.28733486804e-06
4.24228112011e-09	-9.63481426197e-07
4.30466760717e-09	-4.20939194612e-07
4.36705409423e-09	2.78781783436e-07
4.42944058129e-09	9.91936360606e-07
4.49182706835e-09	1.52534096287e-06
4.55421355541e-09	1.70079439954e-06
4.61660004247e-09	1.42600671893e-06
4.67898652954e-09	7.40867946547e-07
4.7413730166e-09	-1.83488005234e-07
4.80375950366e-09	-1.09726130404e-06
4.86614599072e-09	-1.75543326009e-06
4.92853247778e-09	-1.99622053287e-06
4.99091896484e-09	-1.788034524e-06
5.0533054519e-09	-1.22653250401e-06
5.11569193896e-09	-4.89005060444e-07
5.17807842602e-09	2.30029058912e-07
5.24046491308e-09	7.7850855007e-07
5.30285140014e-09	1.08050983272e-06
5.3652378872e-09	1.13694480319e-06
5.42762437426e-09	9.99613206432e-07
5.49001086132e-09	7.34887123599e-07
5.55239734838e-09	3.95423278121e-07
5.61478383544e-09	9.71320956999e-09
5.6771703225e-09	-4.06429371935e-07
5.73955680956e-09	-8.26852982527e-07
5.80194329662e-09	-1.19475075167e-06
5.86432978368e-09	-1.42353113119e-06
5.92671627074e-09	-1.42141186643e-06
5.9891027578e-09	-1.13099858368e-06
6.05148924487e-09	-5.6880698196e-07
6.11387573193e-09	1.59923573051e-07
6.17626221899e-09	8.81237568251e-07
6.23864870605e-09	1.40187077591e-06
6.30103519311e-09	1.5739511241e-06
6.36342168017e-09	1.34595438794e-06
6.42580816723e-09	7.79834849141e-07
6.48819465429e-09	3.17900523683e-08
6.55058114135e-09	-7.01004424286e-07
6.61296762841e-09	-1.24233838505e-06
6.67535411547e-09	-1.4850203911e-06
6.73774060253e-09	-1.41321083902e-06
6.80012708959e-09	-1.0896802678e-06
6.86251357665e-09	-6.22801067607e-07
6.92490006371e-09	-1.26690725466e-07
6.98728655077e-09	3.11971810163e-07
7.04967303783e-09	6.45123876097e-07
7.11205952489e-09	8.56729826637e-07
7.17444601195e-09	9.45018442167e-07
7.23683249901e-09	9.05521119421e-07
7.29921898607e-09	7.27942961021e-07
7.36160547314e-09	4.06102785178e-07
