% time-domain current integration by openEMS v0.0.35 @Sun Sep 12 12:09:16 2021
% start-coordinates: (-0.0155553,-0.0004125,0.000127) m -> [3,27,2]
% stop-coordinates: (-0.0155553,0.000275,0.00033655) m -> [3,32,5]
% t/s	current
1.1639269974e-13	0
6.25028797602e-11	3.56596488449e-11
1.24889366821e-10	8.7153492756e-11
1.87275853881e-10	9.78498324034e-11
2.49662340942e-10	-1.97795252399e-11
3.12048828002e-10	-4.61800458984e-10
3.74435315063e-10	-1.5285376298e-09
4.36821802123e-10	-3.55285090237e-09
4.99208289183e-10	-6.65861943361e-09
5.61594776244e-10	-1.0316233201e-08
6.23981263304e-10	-1.27672050709e-08
6.86367750365e-10	-1.06374979936e-08
7.48754237425e-10	8.20615297936e-10
8.11140724486e-10	2.63200696793e-08
8.73527211546e-10	6.78756819639e-08
9.35913698607e-10	1.21533972219e-07
9.98300185667e-10	1.75064485575e-07
1.06068667273e-09	2.08625849041e-07
1.12307315979e-09	1.99700053827e-07
1.18545964685e-09	1.31694008587e-07
1.24784613391e-09	3.20762061357e-09
1.31023262097e-09	-1.66590524486e-07
1.37261910803e-09	-3.40266836929e-07
1.43500559509e-09	-4.72799854379e-07
1.49739208215e-09	-5.2708264775e-07
1.55977856921e-09	-4.87665943183e-07
1.62216505627e-09	-3.66574880672e-07
1.68455154333e-09	-1.98413260932e-07
1.74693803039e-09	-2.7233616251e-08
1.80932451745e-09	1.08834839807e-07
1.87171100451e-09	1.88611721796e-07
1.93409749157e-09	2.10821340829e-07
1.99648397863e-09	1.89471677459e-07
2.0588704657e-09	1.45191350498e-07
2.12125695276e-09	9.69395088646e-08
2.18364343982e-09	5.70801717004e-08
2.24602992688e-09	3.04089020631e-08
2.30841641394e-09	1.5965982314e-08
2.370802901e-09	9.78861702805e-09
2.43318938806e-09	7.25060189666e-09
2.49557587512e-09	4.55386262033e-09
2.55796236218e-09	-5.80162640151e-10
2.62034884924e-09	-8.58073878618e-09
2.6827353363e-09	-1.80233961089e-08
2.74512182336e-09	-2.60329819923e-08
2.80750831042e-09	-2.91520958484e-08
2.86989479748e-09	-2.47237998963e-08
2.93228128454e-09	-1.22020855642e-08
2.9946677716e-09	6.15549389238e-09
3.05705425866e-09	2.55995971088e-08
3.11944074572e-09	4.04775732932e-08
3.18182723278e-09	4.62286458003e-08
3.24421371984e-09	4.10751681557e-08
3.3066002069e-09	2.67032493895e-08
3.36898669396e-09	7.50759543422e-09
3.43137318103e-09	-1.10412559096e-08
3.49375966809e-09	-2.43006414991e-08
3.55614615515e-09	-2.97924849235e-08
3.61853264221e-09	-2.75888041301e-08
3.68091912927e-09	-1.97269631741e-08
3.74330561633e-09	-9.11980535534e-09
3.80569210339e-09	1.54828949661e-09
3.86807859045e-09	1.05920721083e-08
3.93046507751e-09	1.74155463384e-08
3.99285156457e-09	2.2159053259e-08
4.05523805163e-09	2.50439278204e-08
4.11762453869e-09	2.58399115438e-08
4.18001102575e-09	2.37970780859e-08
4.24239751281e-09	1.80058901122e-08
4.30478399987e-09	8.2194171469e-09
4.36717048693e-09	-4.52883819335e-09
4.42955697399e-09	-1.76730470258e-08
4.49194346105e-09	-2.77020060224e-08
4.55432994811e-09	-3.1282993973e-08
4.61671643517e-09	-2.6625077254e-08
4.67910292223e-09	-1.43336107428e-08
4.7414894093e-09	2.56235765939e-09
4.80387589636e-09	1.950850681e-08
4.86626238342e-09	3.19424202644e-08
4.92864887048e-09	3.67912633692e-08
4.99103535754e-09	3.33241096939e-08
5.0534218446e-09	2.32111290188e-08
5.11580833166e-09	9.66518776124e-09
5.17819481872e-09	-3.70230157642e-09
5.24058130578e-09	-1.40329614595e-08
5.30296779284e-09	-1.98275067476e-08
5.3653542799e-09	-2.10454444982e-08
5.42774076696e-09	-1.86041972938e-08
5.49012725402e-09	-1.37540867584e-08
5.55251374108e-09	-7.50791695481e-09
5.61490022814e-09	-4.10427941633e-10
5.6772867152e-09	7.22903914507e-09
5.73967320226e-09	1.49426959695e-08
5.80205968932e-09	2.17411013637e-08
5.86444617638e-09	2.60656332074e-08
5.92683266344e-09	2.62264876483e-08
5.9892191505e-09	2.1134097139e-08
6.05160563757e-09	1.10054534375e-08
6.11399212463e-09	-2.30743646412e-09
6.17637861169e-09	-1.56475170598e-08
6.23876509875e-09	-2.54721879145e-08
6.30115158581e-09	-2.89815140775e-08
6.36353807287e-09	-2.51296761178e-08
6.42592455993e-09	-1.49455203768e-08
6.48831104699e-09	-1.24224863729e-09
6.55069753405e-09	1.23657430962e-08
6.61308402111e-09	2.2576426062e-08
6.67547050817e-09	2.73339288981e-08
6.73785699523e-09	2.62626453917e-08
6.80024348229e-09	2.04521590774e-08
6.86262996935e-09	1.18946159589e-08
6.92501645641e-09	2.69663402719e-09
6.98740294347e-09	-5.48184830862e-09
7.04978943053e-09	-1.17225278373e-08
7.11217591759e-09	-1.57018060776e-08
7.17456240465e-09	-1.73884249222e-08
7.23694889171e-09	-1.67273732643e-08
7.29933537877e-09	-1.35380950894e-08
7.36172186583e-09	-7.72287656048e-09
