% time-domain voltage integration by openEMS v0.0.35 @Sun Sep 12 12:09:16 2021
% start-coordinates: (0.0140738,0,0) m -> [93,30,0]
% stop-coordinates: (0.0140738,0,0.000254) m -> [93,30,4]
% t/s	voltage
0	-0
6.23864870605e-11	2.03822923166e-12
1.24772974121e-10	-1.32965867483e-10
1.87159461181e-10	-1.47581575433e-10
2.49545948242e-10	-3.78822346755e-11
3.11932435302e-10	3.46732614842e-10
3.74318922363e-10	1.4143789473e-09
4.36705409423e-10	3.77041475819e-09
4.99091896484e-10	7.79807352025e-09
5.61478383544e-10	1.35108537691e-08
6.23864870605e-10	1.95154394866e-08
6.86251357665e-10	2.28950423065e-08
7.48637844726e-10	1.73302749928e-08
8.11024331786e-10	-3.91409959999e-09
8.73410818847e-10	-4.72709427157e-08
9.35797305907e-10	-1.13988779304e-07
9.98183792967e-10	-1.99398641598e-07
1.06057028003e-09	-2.88768667644e-07
1.12295676709e-09	-3.60786323483e-07
1.18534325415e-09	-3.94125919456e-07
1.24772974121e-09	-3.75404162867e-07
1.31011622827e-09	-3.04421952535e-07
1.37250271533e-09	-1.94301726708e-07
1.43488920239e-09	-6.23056042315e-08
1.49727568945e-09	8.18231580269e-08
1.55966217651e-09	2.46324567854e-07
1.62204866357e-09	4.57633952067e-07
1.68443515063e-09	7.44901782923e-07
1.74682163769e-09	1.11392787971e-06
1.80920812475e-09	1.51977894802e-06
1.87159461181e-09	1.85540250186e-06
1.93398109887e-09	1.97213046249e-06
1.99636758593e-09	1.73362340661e-06
2.058754073e-09	1.08641168595e-06
2.12114056006e-09	1.16097496061e-07
2.18352704712e-09	-9.48142314883e-07
2.24591353418e-09	-1.79539148348e-06
2.30830002124e-09	-2.14424085243e-06
2.3706865083e-09	-1.85718479884e-06
2.43307299536e-09	-1.00395956792e-06
2.49545948242e-09	1.59288966017e-07
2.55784596948e-09	1.28628852281e-06
2.62023245654e-09	2.06789701451e-06
2.6826189436e-09	2.33323635257e-06
2.74500543066e-09	2.08702391546e-06
2.80739191772e-09	1.4774051067e-06
2.86977840478e-09	7.18310957382e-07
2.93216489184e-09	7.85907938727e-09
2.9945513789e-09	-5.29049444253e-07
3.05693786596e-09	-8.54602163258e-07
3.11932435302e-09	-9.96641574602e-07
3.18171084008e-09	-1.00538920833e-06
3.24409732714e-09	-9.13544297987e-07
3.3064838142e-09	-7.16198471196e-07
3.36887030127e-09	-3.81790215442e-07
3.43125678833e-09	1.11604981257e-07
3.49364327539e-09	7.33575632239e-07
3.55602976245e-09	1.37753931995e-06
3.61841624951e-09	1.87417188613e-06
3.68080273657e-09	2.0440797357e-06
3.74318922363e-09	1.77213027541e-06
3.80557571069e-09	1.07040048647e-06
3.86796219775e-09	9.51260492599e-08
3.93034868481e-09	-8.94345063784e-07
3.99273517187e-09	-1.62011650673e-06
4.05512165893e-09	-1.88312273508e-06
4.11750814599e-09	-1.62992134278e-06
4.17989463305e-09	-9.6257083726e-07
4.24228112011e-09	-9.17772187137e-08
4.30466760717e-09	7.41390195458e-07
4.36705409423e-09	1.3439504869e-06
4.42944058129e-09	1.61995797043e-06
4.49182706835e-09	1.5769979882e-06
4.55421355541e-09	1.29682084093e-06
4.61660004247e-09	8.8834751466e-07
4.67898652954e-09	4.44731007576e-07
4.7413730166e-09	2.03707624102e-08
4.80375950366e-09	-3.65903765953e-07
4.86614599072e-09	-7.06941563067e-07
4.92853247778e-09	-9.8020765904e-07
4.99091896484e-09	-1.13300089311e-06
5.0533054519e-09	-1.09261398507e-06
5.11569193896e-09	-8.01770681846e-07
5.17807842602e-09	-2.59849905149e-07
5.24046491308e-09	4.50220504433e-07
5.30285140014e-09	1.16677222195e-06
5.3652378872e-09	1.69380888337e-06
5.42762437426e-09	1.86659059409e-06
5.49001086132e-09	1.61344749472e-06
5.55239734838e-09	9.88188389783e-07
5.61478383544e-09	1.55623204989e-07
5.6771703225e-09	-6.61243817035e-07
5.73955680956e-09	-1.25434283405e-06
5.80194329662e-09	-1.49402362126e-06
5.86432978368e-09	-1.35896840447e-06
5.92671627074e-09	-9.28555323298e-07
5.9891027578e-09	-3.43973873385e-07
6.05148924487e-09	2.44742793143e-07
6.11387573193e-09	7.22467333958e-07
6.17626221899e-09	1.03018075492e-06
6.23864870605e-09	1.16152705232e-06
6.30103519311e-09	1.14155301389e-06
6.36342168017e-09	9.99665331847e-07
6.42580816723e-09	7.5275505651e-07
6.48819465429e-09	4.08738124236e-07
6.55058114135e-09	-1.81579156155e-08
6.61296762841e-09	-4.86459029503e-07
6.67535411547e-09	-9.15910632671e-07
6.73774060253e-09	-1.19976843393e-06
6.80012708959e-09	-1.23778056604e-06
6.86251357665e-09	-9.77304239314e-07
6.92490006371e-09	-4.4546596456e-07
6.98728655077e-09	2.45547482791e-07
7.04967303783e-09	9.24896966126e-07
7.11205952489e-09	1.4149652543e-06
7.17444601195e-09	1.5871068797e-06
7.23683249901e-09	1.40191067999e-06
7.29921898607e-09	9.1975914529e-07
7.36160547314e-09	2.77030267171e-07
