% time-domain voltage integration by openEMS v0.0.35 @Sun Sep 12 11:28:43 2021
% start-coordinates: (0.0153551,0,0) m -> [129,41,0]
% stop-coordinates: (0.0153551,0,0.000254) m -> [129,41,4]
% t/s	voltage
0	-0
6.23750892883e-11	3.94721663124e-13
1.24750178577e-10	-1.08009885758e-10
1.87125267865e-10	-1.74268474651e-10
2.49500357153e-10	-1.01062620078e-10
3.11875446441e-10	2.40043672439e-10
3.7425053573e-10	1.25892743452e-09
4.36625625018e-10	3.52677620441e-09
4.99000714306e-10	7.55414075737e-09
5.61375803594e-10	1.3332963622e-08
6.23750892883e-10	1.97876253161e-08
6.86125982171e-10	2.36749095883e-08
7.48501071459e-10	1.90440334613e-08
8.10876160747e-10	-8.55366208419e-10
8.73251250036e-10	-4.31950111235e-08
9.35626339324e-10	-1.08922021624e-07
9.98001428612e-10	-1.91895374257e-07
1.0603765179e-09	-2.77736582177e-07
1.12275160719e-09	-3.44848714917e-07
1.18512669648e-09	-3.7294591948e-07
1.24750178577e-09	-3.53576375289e-07
1.30987687505e-09	-2.96165175939e-07
1.37225196434e-09	-2.25815938393e-07
1.43462705363e-09	-1.7059597468e-07
1.49700214292e-09	-1.42168005368e-07
1.55937723221e-09	-1.18148371087e-07
1.62175232149e-09	-3.67341241869e-08
1.68412741078e-09	1.86097103949e-07
1.74650250007e-09	6.166541624e-07
1.80887758936e-09	1.25508881865e-06
1.87125267865e-09	1.99630488851e-06
1.93362776794e-09	2.63201718553e-06
1.99600285722e-09	2.90419217208e-06
2.05837794651e-09	2.60566190491e-06
2.1207530358e-09	1.68767508057e-06
2.18312812509e-09	3.23261829749e-07
2.24550321438e-09	-1.12055133172e-06
2.30787830367e-09	-2.20286455033e-06
2.37025339295e-09	-2.57745932686e-06
2.43262848224e-09	-2.1316846528e-06
2.49500357153e-09	-1.03180178712e-06
2.55737866082e-09	3.51343011573e-07
2.61975375011e-09	1.59260869736e-06
2.6821288394e-09	2.36880867988e-06
2.74450392868e-09	2.55485389289e-06
2.80687901797e-09	2.22582036713e-06
2.86925410726e-09	1.58675908324e-06
2.93162919655e-09	8.70600928238e-07
2.99400428584e-09	2.53487939972e-07
3.05637937512e-09	-1.89110668458e-07
3.11875446441e-09	-4.73032621073e-07
3.1811295537e-09	-6.62364698201e-07
3.24350464299e-09	-8.100365676e-07
3.30587973228e-09	-9.13879233622e-07
3.36825482157e-09	-9.0498357963e-07
3.43062991085e-09	-6.82149050135e-07
3.49300500014e-09	-1.76977454913e-07
3.55538008943e-09	5.8110654777e-07
3.61775517872e-09	1.43512912132e-06
3.68013026801e-09	2.13283470885e-06
3.7425053573e-09	2.41674570134e-06
3.80488044658e-09	2.13389171222e-06
3.86725553587e-09	1.31616869226e-06
3.92963062516e-09	1.85086701521e-07
3.99200571445e-09	-9.22259317804e-07
4.05438080374e-09	-1.67822511798e-06
4.11675589302e-09	-1.88352655073e-06
4.17913098231e-09	-1.52966140377e-06
4.2415060716e-09	-7.81971408514e-07
4.30388116089e-09	1.00928090774e-07
4.36625625018e-09	8.66931245014e-07
4.42863133947e-09	1.35212778218e-06
4.49100642875e-09	1.51113070501e-06
4.55338151804e-09	1.40188035402e-06
4.61575660733e-09	1.13623494258e-06
4.67813169662e-09	8.2276758917e-07
4.74050678591e-09	5.24741167851e-07
4.8028818752e-09	2.48126674762e-07
4.86525696448e-09	-3.84489009519e-08
4.92763205377e-09	-3.62557614153e-07
4.99000714306e-09	-7.05257704681e-07
5.05238223235e-09	-9.85363385553e-07
