% time-domain current integration by openEMS v0.0.35 @Sun Sep 12 11:28:43 2021
% start-coordinates: (0.0122585,-0.0004,0.000127) m -> [127,37,2]
% stop-coordinates: (0.0122585,0.0003,0.00033655) m -> [127,44,5]
% t/s	current
9.47949685232e-14	-0
6.24698842568e-11	-5.08994322385e-13
1.24844973545e-10	5.86820175785e-12
1.87220062833e-10	6.44896505989e-12
2.49595152122e-10	2.31161140576e-12
3.1197024141e-10	-1.33929447393e-11
3.74345330698e-10	-5.85120354946e-11
4.36720419986e-10	-1.55071094854e-10
4.99095509275e-10	-3.19753168387e-10
5.61470598563e-10	-5.48264433853e-10
6.23845687851e-10	-7.8552991889e-10
6.86220777139e-10	-8.96342111645e-10
7.48595866428e-10	-6.4133265365e-10
8.10970955716e-10	2.42981357257e-10
8.73346045004e-10	2.00674055151e-09
9.35721134292e-10	4.63406557571e-09
9.98096223581e-10	7.8498816336e-09
1.06047131287e-09	1.10491207295e-08
1.12284640216e-09	1.33920448064e-08
1.18522149145e-09	1.41649003638e-08
1.24759658073e-09	1.3157393397e-08
1.30997167002e-09	1.08381366104e-08
1.37234675931e-09	8.20103718269e-09
1.4347218486e-09	6.24092155732e-09
1.49709693789e-09	5.18650145054e-09
1.55947202717e-09	3.90115895144e-09
1.62184711646e-09	-1.72845793234e-10
1.68422220575e-09	-1.0168300868e-08
1.74659729504e-09	-2.81969541049e-08
1.80897238433e-09	-5.3468898642e-08
1.87134747362e-09	-8.11207669926e-08
1.9337225629e-09	-1.02674597713e-07
1.99609765219e-09	-1.08507236973e-07
2.05847274148e-09	-9.18511133818e-08
2.12084783077e-09	-5.26594696737e-08
2.18322292006e-09	6.99695190676e-10
2.24559800935e-09	5.33031325745e-08
2.30797309863e-09	8.88246276531e-08
2.37034818792e-09	9.58695025588e-08
2.43272327721e-09	7.25982403083e-08
2.4950983665e-09	2.73766858072e-08
2.55747345579e-09	-2.4835973278e-08
2.61984854508e-09	-6.8446951218e-08
2.68222363436e-09	-9.2784041783e-08
2.74459872365e-09	-9.49314653553e-08
2.80697381294e-09	-7.91041330217e-08
2.86934890223e-09	-5.35855662065e-08
2.93172399152e-09	-2.69156288368e-08
2.9940990808e-09	-4.9490687104e-09
3.05647417009e-09	1.0284015417e-08
3.11884925938e-09	1.99485565844e-08
3.18122434867e-09	2.65386344012e-08
3.24359943796e-09	3.1712030335e-08
3.30597452725e-09	3.48232269687e-08
3.36834961653e-09	3.28825144891e-08
3.43072470582e-09	2.21583231763e-08
3.49309979511e-09	7.18623383023e-10
3.5554748844e-09	-2.92581123773e-08
3.61784997369e-09	-6.08847940953e-08
3.68022506298e-09	-8.42989749117e-08
3.74260015226e-09	-9.03689567622e-08
3.80497524155e-09	-7.47561870185e-08
3.86735033084e-09	-4.03569515584e-08
3.92972542013e-09	3.16985815374e-09
3.99210050942e-09	4.27994777397e-08
4.05447559871e-09	6.69514150786e-08
4.11685068799e-09	6.96634430142e-08
4.17922577728e-09	5.22438696748e-08
4.24160086657e-09	2.20157119202e-08
4.30397595586e-09	-1.10099334094e-08
4.36635104515e-09	-3.78932725198e-08
4.42872613443e-09	-5.34091242343e-08
4.49110122372e-09	-5.68223050834e-08
4.55347631301e-09	-5.09508737423e-08
4.6158514023e-09	-4.01535800165e-08
4.67822649159e-09	-2.82561991582e-08
4.74060158088e-09	-1.71831100459e-08
4.80297667016e-09	-6.75860034605e-09
4.86535175945e-09	4.29976898531e-09
4.92772684874e-09	1.67541660545e-08
4.99010193803e-09	2.93844255594e-08
5.05247702732e-09	3.86773351124e-08
