% time-domain voltage integration by openEMS v0.0.35 @Sun Sep 12 11:28:43 2021
% start-coordinates: (-0.0138068,0,0) m -> [4,41,0]
% stop-coordinates: (-0.0138068,0,0.000254) m -> [4,41,4]
% t/s	voltage
0	-0
6.23750892883e-11	-6.15850748176e-09
1.24750178577e-10	-1.06063759997e-08
1.87125267865e-10	-1.13268074919e-08
2.49500357153e-10	4.24478829864e-09
3.11875446441e-10	6.00545533302e-08
3.7425053573e-10	1.91833162688e-07
4.36625625018e-10	4.3825349394e-07
4.99000714306e-10	8.10203090396e-07
5.61375803594e-10	1.23792634099e-06
6.23750892883e-10	1.5033313332e-06
6.86125982171e-10	1.19646696817e-06
7.48501071459e-10	-2.46144615801e-07
8.10876160747e-10	-3.367764009e-06
8.73251250036e-10	-8.36809249449e-06
9.35626339324e-10	-1.47216080677e-05
9.98001428612e-10	-2.09213949347e-05
1.0603765179e-09	-2.45882174568e-05
1.12275160719e-09	-2.30858845498e-05
1.18512669648e-09	-1.45545502619e-05
1.24750178577e-09	1.01271496078e-06
1.30987687505e-09	2.11817000491e-05
1.37225196434e-09	4.14196920246e-05
1.43462705363e-09	5.64149404454e-05
1.49700214292e-09	6.19190022917e-05
1.55937723221e-09	5.63383264307e-05
1.62175232149e-09	4.13391826442e-05
1.68412741078e-09	2.11897536246e-05
1.74650250007e-09	1.14868720402e-06
1.80887758936e-09	-1.43545557876e-05
1.87125267865e-09	-2.2984019779e-05
1.93362776794e-09	-2.47857565228e-05
1.99600285722e-09	-2.15779432438e-05
2.05837794651e-09	-1.58920893227e-05
2.1207530358e-09	-9.99246299216e-06
2.18312812509e-09	-5.31273599336e-06
2.24550321438e-09	-2.3748308422e-06
2.30787830367e-09	-1.02536955637e-06
2.37025339295e-09	-7.684878085e-07
2.43262848224e-09	-1.03067691271e-06
2.49500357153e-09	-1.31188167529e-06
2.55737866082e-09	-1.25340943669e-06
2.61975375011e-09	-6.80966124378e-07
2.6821288394e-09	3.63903879474e-07
2.74450392868e-09	1.61790234188e-06
2.80687901797e-09	2.65981333314e-06
2.86925410726e-09	3.04798084017e-06
2.93162919655e-09	2.50200508845e-06
2.99400428584e-09	1.04758680664e-06
3.05637937512e-09	-9.4560923003e-07
3.11875446441e-09	-2.8854019547e-06
3.1811295537e-09	-4.17222508986e-06
3.24350464299e-09	-4.42804275735e-06
3.30587973228e-09	-3.63021416661e-06
3.36825482157e-09	-2.09807274132e-06
3.43062991085e-09	-3.44642522521e-07
3.49300500014e-09	1.12717998491e-06
3.55538008943e-09	1.99065488005e-06
3.61775517872e-09	2.1660675884e-06
3.68013026801e-09	1.78892548774e-06
3.7425053573e-09	1.10740487003e-06
3.80488044658e-09	3.66891761416e-07
3.86725553587e-09	-2.75465673383e-07
3.92963062516e-09	-7.80787559052e-07
3.99200571445e-09	-1.19831520351e-06
4.05438080374e-09	-1.59585266601e-06
4.11675589302e-09	-1.98458030809e-06
4.17913098231e-09	-2.2758242153e-06
4.2415060716e-09	-2.30272524959e-06
4.30388116089e-09	-1.90006002754e-06
4.36625625018e-09	-1.01083767845e-06
4.42863133947e-09	2.35727874554e-07
4.49100642875e-09	1.52633626271e-06
4.55338151804e-09	2.45989366476e-06
4.61575660733e-09	2.70085718057e-06
4.67813169662e-09	2.12184409065e-06
4.74050678591e-09	8.70790600516e-07
4.8028818752e-09	-6.78059421944e-07
4.86525696448e-09	-2.06112491696e-06
4.92763205377e-09	-2.89472200166e-06
4.99000714306e-09	-3.00007314991e-06
5.05238223235e-09	-2.44111322445e-06
