% time-domain voltage integration by openEMS v0.0.35 @Sun Sep 12 11:28:43 2021
% start-coordinates: (0.0138068,0,0) m -> [128,41,0]
% stop-coordinates: (0.0138068,0,0.000254) m -> [128,41,4]
% t/s	voltage
0	-0
6.23750892883e-11	2.56547886233e-12
1.24750178577e-10	-2.12086754409e-10
1.87125267865e-10	-2.59408793057e-10
2.49500357153e-10	-1.0485357374e-10
3.11875446441e-10	5.36966929254e-10
3.7425053573e-10	2.27898883098e-09
4.36625625018e-10	6.06994621233e-09
4.99000714306e-10	1.25553600849e-08
5.61375803594e-10	2.16756013138e-08
6.23750892883e-10	3.11719752233e-08
6.86125982171e-10	3.57104967819e-08
7.48501071459e-10	2.59052272966e-08
8.10876160747e-10	-8.92035778577e-09
8.73251250036e-10	-7.86233620431e-08
9.35626339324e-10	-1.83001525045e-07
9.98001428612e-10	-3.10934744618e-07
1.0603765179e-09	-4.38531174041e-07
1.12275160719e-09	-5.32061392278e-07
1.18512669648e-09	-5.62865082543e-07
1.24750178577e-09	-5.22221881738e-07
1.30987687505e-09	-4.29074489716e-07
1.37225196434e-09	-3.23974127525e-07
1.43462705363e-09	-2.47993661162e-07
1.49700214292e-09	-2.12605264949e-07
1.55937723221e-09	-1.7409828601e-07
1.62175232149e-09	-3.05633580666e-08
1.68412741078e-09	3.46343895785e-07
1.74650250007e-09	1.04826767711e-06
1.80887758936e-09	2.05465590852e-06
1.87125267865e-09	3.18156196499e-06
1.93362776794e-09	4.09458982631e-06
1.99600285722e-09	4.40252063072e-06
2.05837794651e-09	3.81519788561e-06
2.1207530358e-09	2.30342726582e-06
2.18312812509e-09	1.76883965253e-07
2.24550321438e-09	-1.977203965e-06
2.30787830367e-09	-3.49470548144e-06
2.37025339295e-09	-3.88953617403e-06
2.43262848224e-09	-3.05045648474e-06
2.49500357153e-09	-1.28371470964e-06
2.55737866082e-09	8.21265260242e-07
2.61975375011e-09	2.62815171936e-06
2.6821288394e-09	3.68368603176e-06
2.74450392868e-09	3.8434515659e-06
2.80687901797e-09	3.25771856069e-06
2.86925410726e-09	2.25273015531e-06
2.93162919655e-09	1.17658345289e-06
2.99400428584e-09	2.76131387977e-07
3.05637937512e-09	-3.55945921626e-07
3.11875446441e-09	-7.59732287747e-07
3.1811295537e-09	-1.03550902963e-06
3.24350464299e-09	-1.25484788782e-06
3.30587973228e-09	-1.39907388075e-06
3.36825482157e-09	-1.3514923296e-06
3.43062991085e-09	-9.58667783379e-07
3.49300500014e-09	-1.31543064441e-07
3.55538008943e-09	1.05827999164e-06
3.61775517872e-09	2.34708318203e-06
3.68013026801e-09	3.34057460805e-06
3.7425053573e-09	3.66048186606e-06
3.80488044658e-09	3.10854449026e-06
3.86725553587e-09	1.77600682605e-06
3.92963062516e-09	3.24655022865e-08
3.99200571445e-09	-1.59981848924e-06
4.05438080374e-09	-2.64191788801e-06
4.11675589302e-09	-2.82878391999e-06
4.17913098231e-09	-2.18902096094e-06
4.2415060716e-09	-1.00190931107e-06
4.30388116089e-09	3.32472950504e-07
4.36625625018e-09	1.44511486155e-06
4.42863133947e-09	2.11083050772e-06
4.49100642875e-09	2.28676651659e-06
4.55338151804e-09	2.07740066571e-06
4.61575660733e-09	1.65683309206e-06
4.67813169662e-09	1.18249548109e-06
4.74050678591e-09	7.38057750027e-07
4.8028818752e-09	3.20938333687e-07
4.86525696448e-09	-1.20007676685e-07
4.92763205377e-09	-6.20257864625e-07
4.99000714306e-09	-1.13790892442e-06
5.05238223235e-09	-1.53695344807e-06
