% time-domain voltage integration by openEMS v0.0.35 @Sun Sep 12 11:28:43 2021
% start-coordinates: (-0.0153551,0,0) m -> [3,41,0]
% stop-coordinates: (-0.0153551,0,0.000254) m -> [3,41,4]
% t/s	voltage
0	-0
6.23750892883e-11	-1.54415280562e-09
1.24750178577e-10	-6.77092926171e-09
1.87125267865e-10	-7.6482580269e-09
2.49500357153e-10	3.0605454282e-10
3.11875446441e-10	3.18890052142e-08
3.7425053573e-10	1.09747505306e-07
4.36625625018e-10	2.60096399529e-07
4.99000714306e-10	4.9461972651e-07
5.61375803594e-10	7.77577511712e-07
6.23750892883e-10	9.81737031225e-07
6.86125982171e-10	8.55308215364e-07
7.48501071459e-10	3.67933239431e-08
8.10876160747e-10	-1.84544447279e-06
8.73251250036e-10	-4.97156588608e-06
9.35626339324e-10	-9.07866660782e-06
9.98001428612e-10	-1.3269522924e-05
1.0603765179e-09	-1.60414319907e-05
1.12275160719e-09	-1.56425239766e-05
1.18512669648e-09	-1.07243320144e-05
1.24750178577e-09	-1.06892645135e-06
1.30987687505e-09	1.19547203212e-05
1.37225196434e-09	2.55176732935e-05
1.43462705363e-09	3.61181764674e-05
1.49700214292e-09	4.07761963288e-05
1.55937723221e-09	3.81410691261e-05
1.62175232149e-09	2.90063539978e-05
1.68412741078e-09	1.59933542818e-05
1.74650250007e-09	2.55383429248e-06
1.80887758936e-09	-8.24549283607e-06
1.87125267865e-09	-1.46334077726e-05
1.93362776794e-09	-1.64248708643e-05
1.99600285722e-09	-1.4689265754e-05
2.05837794651e-09	-1.10734567897e-05
2.1207530358e-09	-7.12772100542e-06
2.18312812509e-09	-3.88824719266e-06
2.24550321438e-09	-1.78041040044e-06
2.30787830367e-09	-7.54099531264e-07
2.37025339295e-09	-5.02110353295e-07
2.43262848224e-09	-6.45904790986e-07
2.49500357153e-09	-8.44510267939e-07
2.55737866082e-09	-8.46948111644e-07
2.61975375011e-09	-5.19021384093e-07
2.6821288394e-09	1.32226158911e-07
2.74450392868e-09	9.53396579462e-07
2.80687901797e-09	1.67673917417e-06
2.86925410726e-09	2.0067578248e-06
2.93162919655e-09	1.73674658299e-06
2.99400428584e-09	8.51797068435e-07
3.05637937512e-09	-4.33886050644e-07
3.11875446441e-09	-1.74255083607e-06
3.1811295537e-09	-2.67058595682e-06
3.24350464299e-09	-2.94045463534e-06
3.30587973228e-09	-2.50324518447e-06
3.36825482157e-09	-1.54165181243e-06
3.43062991085e-09	-3.84238731499e-07
3.49300500014e-09	6.29297815635e-07
3.55538008943e-09	1.26191289951e-06
3.61775517872e-09	1.43842541434e-06
3.68013026801e-09	1.23174743294e-06
3.7425053573e-09	7.99128940798e-07
3.80488044658e-09	3.07327759685e-07
3.86725553587e-09	-1.29801957627e-07
3.92963062516e-09	-4.75600444361e-07
3.99200571445e-09	-7.56128201829e-07
4.05438080374e-09	-1.01783047057e-06
4.11675589302e-09	-1.2758144976e-06
4.17913098231e-09	-1.48121640109e-06
4.2415060716e-09	-1.52950480015e-06
4.30388116089e-09	-1.30762558115e-06
4.36625625018e-09	-7.64078080806e-07
4.42863133947e-09	3.42149490962e-08
4.49100642875e-09	8.95805357004e-07
4.55338151804e-09	1.55907699195e-06
4.61575660733e-09	1.79011379942e-06
4.67813169662e-09	1.48195570659e-06
4.74050678591e-09	7.06821978724e-07
4.8028818752e-09	-3.04896424552e-07
4.86525696448e-09	-1.24966854287e-06
4.92763205377e-09	-1.86049697959e-06
4.99000714306e-09	-1.99810790491e-06
5.05238223235e-09	-1.68293010461e-06
