% time-domain voltage integration by openEMS v0.0.35 @Sun Sep 12 11:28:43 2021
% start-coordinates: (-0.0122585,0,0) m -> [5,41,0]
% stop-coordinates: (-0.0122585,0,0.000254) m -> [5,41,4]
% t/s	voltage
0	-0
6.23750892883e-11	-1.07210422762e-08
1.24750178577e-10	-1.35411313273e-08
1.87125267865e-10	-1.20160996708e-08
2.49500357153e-10	1.08234332608e-08
3.11875446441e-10	8.55286721446e-08
3.7425053573e-10	2.56368124951e-07
4.36625625018e-10	5.65970140087e-07
4.99000714306e-10	1.01860624113e-06
5.61375803594e-10	1.51219634859e-06
6.23750892883e-10	1.7613490968e-06
6.86125982171e-10	1.2551936095e-06
7.48501071459e-10	-6.7865858e-07
8.10876160747e-10	-4.64376364562e-06
8.73251250036e-10	-1.07795808617e-05
9.35626339324e-10	-1.83175811799e-05
9.98001428612e-10	-2.5329572054e-05
1.0603765179e-09	-2.89316449198e-05
1.12275160719e-09	-2.60909496319e-05
1.18512669648e-09	-1.48729516241e-05
1.24750178577e-09	4.34111757386e-06
1.30987687505e-09	2.82997266368e-05
1.37225196434e-09	5.14556977578e-05
1.43462705363e-09	6.76406143612e-05
1.49700214292e-09	7.22393178876e-05
1.55937723221e-09	6.39269528619e-05
1.62175232149e-09	4.51691357739e-05
1.68412741078e-09	2.12548388845e-05
1.74650250007e-09	-1.68362646491e-06
1.80887758936e-09	-1.87527944036e-05
1.87125267865e-09	-2.76294717878e-05
1.93362776794e-09	-2.87288366962e-05
1.99600285722e-09	-2.43759041041e-05
2.05837794651e-09	-1.75478890014e-05
2.1207530358e-09	-1.07781950192e-05
2.18312812509e-09	-5.58481974622e-06
2.24550321438e-09	-2.44186793452e-06
2.30787830367e-09	-1.08910597874e-06
2.37025339295e-09	-9.17755684782e-07
2.43262848224e-09	-1.2628494801e-06
2.49500357153e-09	-1.55827854087e-06
2.55737866082e-09	-1.41332313319e-06
2.61975375011e-09	-6.57788973513e-07
2.6821288394e-09	6.22588245847e-07
2.74450392868e-09	2.0871445372e-06
2.80687901797e-09	3.22780056194e-06
2.86925410726e-09	3.5425293845e-06
2.93162919655e-09	2.7445423143e-06
2.99400428584e-09	9.23168045119e-07
3.05637937512e-09	-1.44240152622e-06
3.11875446441e-09	-3.64098411865e-06
3.1811295537e-09	-4.99401107845e-06
3.24350464299e-09	-5.11159100824e-06
3.30587973228e-09	-4.02959790335e-06
3.36825482157e-09	-2.165262174e-06
3.43062991085e-09	-1.30940868814e-07
3.49300500014e-09	1.50497660911e-06
3.55538008943e-09	2.39916107603e-06
3.61775517872e-09	2.4996587058e-06
3.68013026801e-09	1.99051856953e-06
3.7425053573e-09	1.17000158184e-06
3.80488044658e-09	3.14345477648e-07
3.86725553587e-09	-4.1191492528e-07
3.92963062516e-09	-9.82031622243e-07
3.99200571445e-09	-1.46232650877e-06
4.05438080374e-09	-1.92797170939e-06
4.11675589302e-09	-2.3759234864e-06
4.17913098231e-09	-2.68772316758e-06
4.2415060716e-09	-2.66011238637e-06
4.30388116089e-09	-2.11000144645e-06
4.36625625018e-09	-9.97864560759e-07
4.42863133947e-09	4.92232416605e-07
4.49100642875e-09	1.97097614318e-06
4.55338151804e-09	2.96886901197e-06
4.61575660733e-09	3.11813869303e-06
4.67813169662e-09	2.31435393516e-06
4.74050678591e-09	7.73073011828e-07
4.8028818752e-09	-1.04165820858e-06
4.86525696448e-09	-2.5904054155e-06
4.92763205377e-09	-3.45069508967e-06
4.99000714306e-09	-3.45479713815e-06
5.05238223235e-09	-2.71240884331e-06
