% time-domain current integration by openEMS v0.0.35 @Sun Sep 12 11:28:43 2021
% start-coordinates: (0.0138068,-0.0004,0.000127) m -> [128,37,2]
% stop-coordinates: (0.0138068,0.0003,0.00033655) m -> [128,44,5]
% t/s	current
9.47949685232e-14	-0
6.24698842568e-11	-1.43681873582e-13
1.24844973545e-10	3.33916314738e-12
1.87220062833e-10	5.09176858662e-12
2.49595152122e-10	2.50875166995e-12
3.1197024141e-10	-7.20740437818e-12
3.74345330698e-10	-3.79484707547e-11
4.36720419986e-10	-1.06265142519e-10
4.99095509275e-10	-2.26140384196e-10
5.61470598563e-10	-3.98649668831e-10
6.23845687851e-10	-5.89157056474e-10
6.86220777139e-10	-6.991910384e-10
7.48595866428e-10	-5.54785051232e-10
8.10970955716e-10	4.73608895157e-11
8.73346045004e-10	1.31707689199e-09
9.35721134292e-10	3.27541416212e-09
9.98096223581e-10	5.74092551275e-09
1.06047131287e-09	8.27904589329e-09
1.12284640216e-09	1.02435064875e-08
1.18522149145e-09	1.10381348506e-08
1.24759658073e-09	1.04227515507e-08
1.30997167002e-09	8.68502869622e-09
1.37234675931e-09	6.56521281783e-09
1.4347218486e-09	4.88019180622e-09
1.49709693789e-09	3.94447008389e-09
1.55947202717e-09	3.06047409637e-09
1.62184711646e-09	3.86744969383e-10
1.68422220575e-09	-6.50666986957e-09
1.74659729504e-09	-1.94676843535e-08
1.80897238433e-09	-3.8298644256e-08
1.87134747362e-09	-5.97160578764e-08
1.9337225629e-09	-7.74882096266e-08
1.99609765219e-09	-8.41330276558e-08
2.05847274148e-09	-7.39020791229e-08
2.12084783077e-09	-4.58790765379e-08
2.18322292006e-09	-5.62554802741e-09
2.24559800935e-09	3.5860754366e-08
2.30797309863e-09	6.58188525904e-08
2.37034818792e-09	7.46428554521e-08
2.43272327721e-09	5.97496239152e-08
2.4950983665e-09	2.65910085062e-08
2.55747345579e-09	-1.37388349586e-08
2.61984854508e-09	-4.89738560816e-08
2.68222363436e-09	-7.0135264707e-08
2.74459872365e-09	-7.40944159361e-08
2.80697381294e-09	-6.34468761973e-08
2.86934890223e-09	-4.43348433521e-08
2.93172399152e-09	-2.34958612566e-08
2.9940990808e-09	-5.85041481926e-09
3.05647417009e-09	6.61701227145e-09
3.11884925938e-09	1.45352041514e-08
3.18122434867e-09	1.97989660222e-08
3.24359943796e-09	2.38837429833e-08
3.30597452725e-09	2.65863242532e-08
3.36834961653e-09	2.58184797985e-08
3.43072470582e-09	1.8656860945e-08
3.49309979511e-09	3.29251736986e-09
3.5554748844e-09	-1.91299136532e-08
3.61784997369e-09	-4.3774281977e-08
3.68022506298e-09	-6.32037142623e-08
3.74260015226e-09	-7.00935771647e-08
3.80497524155e-09	-6.04006302751e-08
3.86735033084e-09	-3.55439802036e-08
3.92972542013e-09	-2.3539878935e-09
3.99210050942e-09	2.92692856618e-08
4.05447559871e-09	4.99978050073e-08
4.11685068799e-09	5.44811697978e-08
4.17922577728e-09	4.29482298614e-08
4.24160086657e-09	2.05329797609e-08
4.30397595586e-09	-5.14410514185e-09
4.36635104515e-09	-2.68983342266e-08
4.42872613443e-09	-4.02139050948e-08
4.49110122372e-09	-4.40566765292e-08
4.55347631301e-09	-4.0303650195e-08
4.6158514023e-09	-3.22641220407e-08
4.67822649159e-09	-2.30418866209e-08
4.74060158088e-09	-1.43740503944e-08
4.80297667016e-09	-6.32169205872e-09
4.86535175945e-09	2.057693127e-09
4.92772684874e-09	1.14932321438e-08
4.99010193803e-09	2.13240713975e-08
5.05247702732e-09	2.90615993492e-08
