% time-domain current integration by openEMS v0.0.35 @Sun Sep 12 11:28:43 2021
% start-coordinates: (-0.0153551,-0.0004,0.000127) m -> [3,37,2]
% stop-coordinates: (-0.0153551,0.0003,0.00033655) m -> [3,44,5]
% t/s	current
9.47949685232e-14	0
6.24698842568e-11	7.7211022298e-11
1.24844973545e-10	1.97788466161e-10
1.87220062833e-10	2.19325765882e-10
2.49595152122e-10	-4.21303547604e-11
3.1197024141e-10	-1.03354913517e-09
3.74345330698e-10	-3.43053496721e-09
4.36720419986e-10	-7.98002908198e-09
4.99095509275e-10	-1.49647174652e-08
5.61470598563e-10	-2.31921895022e-08
6.23845687851e-10	-2.87246795239e-08
6.86220777139e-10	-2.39713457972e-08
7.48595866428e-10	1.74966874322e-09
8.10970955716e-10	5.90631046293e-08
8.73346045004e-10	1.52532706466e-07
9.35721134292e-10	2.73294659792e-07
9.98096223581e-10	3.93840593915e-07
1.06047131287e-09	4.69444813689e-07
1.12284640216e-09	4.49285153081e-07
1.18522149145e-09	2.95845268283e-07
1.24759658073e-09	5.87510795569e-09
1.30997167002e-09	-3.77327296519e-07
1.37234675931e-09	-7.6902733781e-07
1.4347218486e-09	-1.06721586235e-06
1.49709693789e-09	-1.1877034467e-06
1.55947202717e-09	-1.09555560357e-06
1.62184711646e-09	-8.18378794065e-07
1.68422220575e-09	-4.353950942e-07
1.74659729504e-09	-4.73840309212e-08
1.80897238433e-09	2.58478507931e-07
1.87134747362e-09	4.34040714481e-07
1.9337225629e-09	4.77137461985e-07
1.99609765219e-09	4.20880951424e-07
2.05847274148e-09	3.13584052947e-07
2.12084783077e-09	1.9953799324e-07
2.18322292006e-09	1.07532159177e-07
2.24559800935e-09	4.87073847921e-08
2.30797309863e-09	2.08132995283e-08
2.37034818792e-09	1.46012579805e-08
2.43272327721e-09	1.90764364305e-08
2.4950983665e-09	2.45045121972e-08
2.55747345579e-09	2.38442119382e-08
2.61984854508e-09	1.35165203474e-08
2.68222363436e-09	-5.94407767451e-09
2.74459872365e-09	-2.97610931455e-08
2.80697381294e-09	-5.00062320441e-08
2.86934890223e-09	-5.8194526531e-08
2.93172399152e-09	-4.87107811864e-08
2.9940990808e-09	-2.16764508565e-08
3.05647417009e-09	1.61610422822e-08
3.11884925938e-09	5.3625811347e-08
3.18122434867e-09	7.91349989981e-08
3.24359943796e-09	8.51345163255e-08
3.30597452725e-09	7.08012919404e-08
3.36834961653e-09	4.19356709358e-08
3.43072470582e-09	8.25981061325e-09
3.49309979511e-09	-2.0482911367e-08
3.5554748844e-09	-3.77710058785e-08
3.61784997369e-09	-4.18060928098e-08
3.68022506298e-09	-3.49773578989e-08
3.74260015226e-09	-2.19858016237e-08
3.80497524155e-09	-7.6274080385e-09
3.86735033084e-09	4.94624385894e-09
3.92972542013e-09	1.48219339025e-08
3.99210050942e-09	2.28538574731e-08
4.05447559871e-09	3.03731333418e-08
4.11685068799e-09	3.77005235919e-08
4.17922577728e-09	4.33075761919e-08
4.24160086657e-09	4.40774812205e-08
4.30397595586e-09	3.68117447636e-08
4.36635104515e-09	2.02783834169e-08
4.42872613443e-09	-3.27717097903e-09
4.49110122372e-09	-2.80522627349e-08
4.55347631301e-09	-4.64030129876e-08
4.6158514023e-09	-5.17801836963e-08
4.67822649159e-09	-4.14825791495e-08
4.74060158088e-09	-1.80545018935e-08
4.80297667016e-09	1.15229328301e-08
4.86535175945e-09	3.83863607567e-08
4.92772684874e-09	5.50369954055e-08
4.99010193803e-09	5.78075898261e-08
5.05247702732e-09	4.76508468239e-08
