% time-domain voltage integration by openEMS v0.0.35 @Sun Sep 12 11:28:43 2021
% start-coordinates: (0.0122585,0,0) m -> [127,41,0]
% stop-coordinates: (0.0122585,0,0.000254) m -> [127,41,4]
% t/s	voltage
0	-0
6.23750892883e-11	6.03626957446e-12
1.24750178577e-10	-3.01547536941e-10
1.87125267865e-10	-2.81262457769e-10
2.49500357153e-10	1.79878386491e-11
3.11875446441e-10	7.55375068051e-10
3.7425053573e-10	3.11370995654e-09
4.36625625018e-10	8.0565325522e-09
4.99000714306e-10	1.62540882975e-08
5.61375803594e-10	2.7138292058e-08
6.23750892883e-10	3.78426090464e-08
6.86125982171e-10	4.13929015508e-08
7.48501071459e-10	2.63769628361e-08
8.10876160747e-10	-1.96859950563e-08
8.73251250036e-10	-1.07705773189e-07
9.35626339324e-10	-2.34935264132e-07
9.98001428612e-10	-3.86312095202e-07
1.0603765179e-09	-5.31442879037e-07
1.12275160719e-09	-6.31360009606e-07
1.18512669648e-09	-6.54337810602e-07
1.24750178577e-09	-5.9511697259e-07
1.30987687505e-09	-4.80578272288e-07
1.37225196434e-09	-3.60252286669e-07
1.43462705363e-09	-2.79770347333e-07
1.49700214292e-09	-2.44489754664e-07
1.55937723221e-09	-1.9272121321e-07
1.62175232149e-09	3.02413305509e-09
1.68412741078e-09	4.91922307333e-07
1.74650250007e-09	1.36846315968e-06
1.80887758936e-09	2.58331238001e-06
1.87125267865e-09	3.89340891616e-06
1.93362776794e-09	4.88964928991e-06
1.99600285722e-09	5.11889879817e-06
2.05837794651e-09	4.27442887485e-06
2.1207530358e-09	2.37588585605e-06
2.18312812509e-09	-1.60340494659e-07
2.24550321438e-09	-2.61903414867e-06
2.30787830367e-09	-4.23449819209e-06
2.37025339295e-09	-4.48990988389e-06
2.43262848224e-09	-3.32609306497e-06
2.49500357153e-09	-1.16069824685e-06
2.55737866082e-09	1.29180685349e-06
2.61975375011e-09	3.30363991452e-06
2.6821288394e-09	4.39084635673e-06
2.74450392868e-09	4.43777332748e-06
2.80687901797e-09	3.65972050531e-06
2.86925410726e-09	2.4515717314e-06
2.93162919655e-09	1.21109727047e-06
2.99400428584e-09	2.02016444462e-07
3.05637937512e-09	-4.92249213835e-07
3.11875446441e-09	-9.35548129632e-07
3.1811295537e-09	-1.24588180483e-06
3.24350464299e-09	-1.49555015128e-06
3.30587973228e-09	-1.64463267538e-06
3.36825482157e-09	-1.54458663815e-06
3.43062991085e-09	-1.01824511489e-06
3.49300500014e-09	1.78106933646e-08
3.55538008943e-09	1.44845111549e-06
3.61775517872e-09	2.93629693715e-06
3.68013026801e-09	4.01185604915e-06
3.7425053573e-09	4.25024290962e-06
3.80488044658e-09	3.46323594158e-06
3.86725553587e-09	1.80675229444e-06
3.92963062516e-09	-2.50296047e-07
3.99200571445e-09	-2.09084890912e-06
4.05438080374e-09	-3.17925861282e-06
4.11675589302e-09	-3.25259298961e-06
4.17913098231e-09	-2.3907300033e-06
4.2415060716e-09	-9.50894744278e-07
4.30388116089e-09	5.94253592112e-07
4.36625625018e-09	1.83125638387e-06
4.42863133947e-09	2.52646918852e-06
4.49100642875e-09	2.65823825885e-06
4.55338151804e-09	2.36691869304e-06
4.61575660733e-09	1.8578206209e-06
4.67813169662e-09	1.30638619567e-06
4.74050678591e-09	7.9496238925e-07
4.8028818752e-09	3.08651578962e-07
4.86525696448e-09	-2.15204615017e-07
4.92763205377e-09	-8.08580026046e-07
4.99000714306e-09	-1.40709832408e-06
5.05238223235e-09	-1.83752192129e-06
