% time-domain current integration by openEMS v0.0.35 @Sun Sep 12 11:28:43 2021
% start-coordinates: (-0.0138068,-0.0004,0.000127) m -> [4,37,2]
% stop-coordinates: (-0.0138068,0.0003,0.00033655) m -> [4,44,5]
% t/s	current
9.47949685232e-14	0
6.24698842568e-11	2.02099462165e-10
1.24844973545e-10	2.79610196108e-10
1.87220062833e-10	2.72914219002e-10
2.49595152122e-10	-1.64867952623e-10
3.1197024141e-10	-1.64527347302e-09
3.74345330698e-10	-5.07617192724e-09
4.36720419986e-10	-1.13972395965e-08
4.99095509275e-10	-2.0791862454e-08
5.61470598563e-10	-3.131989601e-08
6.23845687851e-10	-3.72659414438e-08
6.86220777139e-10	-2.81629439769e-08
7.48595866428e-10	1.00923420732e-08
8.10970955716e-10	9.06308130766e-08
8.73346045004e-10	2.1742553713e-07
9.35721134292e-10	3.75873071334e-07
9.98096223581e-10	5.26930818978e-07
1.06047131287e-09	6.10619906638e-07
1.12284640216e-09	5.62161517337e-07
1.18522149145e-09	3.37988211641e-07
1.24759658073e-09	-5.80136578776e-08
1.30997167002e-09	-5.61330296023e-07
1.37234675931e-09	-1.05710955722e-06
1.4347218486e-09	-1.41423424793e-06
1.49709693789e-09	-1.5311795778e-06
1.55947202717e-09	-1.37413996981e-06
1.62184711646e-09	-9.89840259535e-07
1.68422220575e-09	-4.8715645562e-07
1.74659729504e-09	3.83541332027e-09
1.80897238433e-09	3.76455545847e-07
1.87134747362e-09	5.77204275487e-07
1.9337225629e-09	6.11080793078e-07
1.99609765219e-09	5.25265534179e-07
2.05847274148e-09	3.82639484542e-07
2.12084783077e-09	2.38039874034e-07
2.18322292006e-09	1.25241299997e-07
2.24559800935e-09	5.56603652058e-08
2.30797309863e-09	2.46013396321e-08
2.37034818792e-09	1.94637213013e-08
2.43272327721e-09	2.61193289219e-08
2.4950983665e-09	3.24355227121e-08
2.55747345579e-09	2.98846920543e-08
2.61984854508e-09	1.4563666717e-08
2.68222363436e-09	-1.2015981099e-08
2.74459872365e-09	-4.29549871228e-08
2.80697381294e-09	-6.76179823245e-08
2.86934890223e-09	-7.52877156174e-08
2.93172399152e-09	-5.95571769679e-08
2.9940990808e-09	-2.18308890965e-08
3.05647417009e-09	2.81001106828e-08
3.11884925938e-09	7.53103250872e-08
3.18122434867e-09	1.05226639846e-07
3.24359943796e-09	1.09138149185e-07
3.30597452725e-09	8.73049614825e-08
3.36834961653e-09	4.82300990257e-08
3.43072470582e-09	4.81354778259e-09
3.49309979511e-09	-3.07012797407e-08
3.5554748844e-09	-5.06896604691e-08
3.61784997369e-09	-5.36736912693e-08
3.68022506298e-09	-4.33509512732e-08
3.74260015226e-09	-2.59724171059e-08
3.80497524155e-09	-7.53920126328e-09
3.86735033084e-09	8.25823942563e-09
3.92972542013e-09	2.06444514816e-08
3.99210050942e-09	3.09100940399e-08
4.05447559871e-09	4.06983069468e-08
4.11685068799e-09	5.01044041812e-08
4.17922577728e-09	5.67778002392e-08
4.24160086657e-09	5.65286271126e-08
4.30397595586e-09	4.54055602006e-08
4.36635104515e-09	2.23715233005e-08
4.42872613443e-09	-8.94967300269e-09
4.49110122372e-09	-4.05072775322e-08
4.55347631301e-09	-6.23520932663e-08
4.6158514023e-09	-6.65112480647e-08
4.67822649159e-09	-5.04080936992e-08
4.74060158088e-09	-1.82822184058e-08
4.80297667016e-09	2.02433625418e-08
4.86535175945e-09	5.36881792357e-08
4.92772684874e-09	7.28851006215e-08
4.99010193803e-09	7.39129504268e-08
5.05247702732e-09	5.88121018552e-08
