% time-domain voltage integration by openEMS v0.0.35 @Sun Sep 12 11:51:13 2021
% start-coordinates: (-0.0127695,0,0) m -> [5,17,0]
% stop-coordinates: (-0.0127695,0,0.000254) m -> [5,17,4]
% t/s	voltage
0	-0
6.23177404913e-11	-1.18887819589e-08
1.24635480983e-10	-1.50399137588e-08
1.86953221474e-10	-1.36984787957e-08
2.49270961965e-10	1.04123025757e-08
3.11588702457e-10	9.21757461469e-08
3.73906442948e-10	2.79529537295e-07
4.36224183439e-10	6.23324822868e-07
4.98541923931e-10	1.12978227662e-06
5.60859664422e-10	1.69022848695e-06
6.23177404913e-10	1.99271380552e-06
6.85495145405e-10	1.47104759662e-06
7.47812885896e-10	-6.29224985005e-07
8.10130626388e-10	-5.0009870165e-06
8.72448366879e-10	-1.18338768971e-05
9.3476610737e-10	-2.03151453206e-05
9.97083847862e-10	-2.83277372546e-05
1.05940158835e-09	-3.26548843077e-05
1.12171932884e-09	-2.98566178571e-05
1.18403706934e-09	-1.7661516722e-05
1.24635480983e-09	3.64583792134e-06
1.30867255032e-09	3.05522507915e-05
1.37099029081e-09	5.68979376112e-05
1.4333080313e-09	7.5713136539e-05
1.49562577179e-09	8.16597330413e-05
1.55794351228e-09	7.30309257051e-05
1.62026125278e-09	5.23974958924e-05
1.68257899327e-09	2.5591708436e-05
1.74489673376e-09	-4.80435133454e-07
1.80721447425e-09	-2.01984730666e-05
1.86953221474e-09	-3.07835452986e-05
1.93184995523e-09	-3.25524833897e-05
1.99416769572e-09	-2.80268891402e-05
2.05648543621e-09	-2.05297696994e-05
2.11880317671e-09	-1.29243717311e-05
2.1811209172e-09	-6.94388847933e-06
2.24343865769e-09	-3.14014380365e-06
2.30575639818e-09	-1.23855107859e-06
2.36807413867e-09	-5.92743901962e-07
2.43039187916e-09	-5.2946887763e-07
2.49270961965e-09	-5.27362274738e-07
2.55502736015e-09	-2.63820112423e-07
2.61734510064e-09	3.7593941471e-07
2.67966284113e-09	1.30972020429e-06
2.74198058162e-09	2.27468092362e-06
2.80429832211e-09	2.89622897753e-06
2.8666160626e-09	2.81671094626e-06
2.92893380309e-09	1.85498802807e-06
2.99125154358e-09	1.28600149196e-07
3.05356928408e-09	-1.92971435808e-06
3.11588702457e-09	-3.71290769863e-06
3.17820476506e-09	-4.65711480047e-06
3.24052250555e-09	-4.46565059065e-06
3.30284024604e-09	-3.22283869991e-06
3.36515798653e-09	-1.35016614422e-06
3.42747572702e-09	5.681211519e-07
3.48979346752e-09	2.00549192186e-06
3.55211120801e-09	2.659805034e-06
3.6144289485e-09	2.51030417076e-06
3.67674668899e-09	1.76396056872e-06
3.73906442948e-09	7.36766949672e-07
3.80138216997e-09	-2.71172808652e-07
3.86369991046e-09	-1.06234861619e-06
3.92601765095e-09	-1.57039042392e-06
3.98833539145e-09	-1.83587931701e-06
4.05065313194e-09	-1.94493816252e-06
4.11297087243e-09	-1.95966208594e-06
4.17528861292e-09	-1.87278828889e-06
4.23760635341e-09	-1.60895521617e-06
4.2999240939e-09	-1.07575399966e-06
4.36224183439e-09	-2.46144821858e-07
4.42455957489e-09	7.76223146204e-07
4.48687731538e-09	1.74773791173e-06
4.54919505587e-09	2.35414006511e-06
4.61151279636e-09	2.33384207604e-06
4.67383053685e-09	1.60324159992e-06
4.73614827734e-09	3.18928009335e-07
4.79846601783e-09	-1.15807148404e-06
4.86078375833e-09	-2.39000678448e-06
4.92310149882e-09	-3.02128779595e-06
4.98541923931e-09	-2.90284958737e-06
5.0477369798e-09	-2.13002994087e-06
5.11005472029e-09	-9.82708087349e-07
5.17237246078e-09	1.89410229723e-07
5.23469020127e-09	1.09016954752e-06
5.29700794176e-09	1.55604755037e-06
5.35932568226e-09	1.5767712398e-06
5.42164342275e-09	1.26057517491e-06
5.48396116324e-09	7.69776079323e-07
5.54627890373e-09	2.5397032033e-07
5.60859664422e-09	-1.97061780227e-07
5.67091438471e-09	-5.64152955462e-07
5.7332321252e-09	-8.75895040053e-07
5.7955498657e-09	-1.16192219934e-06
5.85786760619e-09	-1.4079070354e-06
5.92018534668e-09	-1.53892821686e-06
5.98250308717e-09	-1.44610132224e-06
6.04482082766e-09	-1.04645826582e-06
6.10713856815e-09	-3.48138847528e-07
6.16945630864e-09	5.1706905424e-07
6.23177404913e-09	1.31775962586e-06
6.29409178963e-09	1.80088409252e-06
6.35640953012e-09	1.79034861958e-06
6.41872727061e-09	1.26302521153e-06
6.4810450111e-09	3.64807981157e-07
6.54336275159e-09	-6.40149195874e-07
6.60568049208e-09	-1.46471452922e-06
6.66799823257e-09	-1.89701614772e-06
6.73031597307e-09	-1.86210525044e-06
6.79263371356e-09	-1.42814701576e-06
6.85495145405e-09	-7.64554144439e-07
6.91726919454e-09	-7.10846901342e-08
6.97958693503e-09	4.8570248623e-07
7.04190467552e-09	8.15185984493e-07
7.10422241601e-09	9.11379473223e-07
7.16654015651e-09	8.29564413607e-07
7.228857897e-09	6.49058094382e-07
7.29117563749e-09	4.32098744341e-07
7.35349337798e-09	2.0186943317e-07
7.41581111847e-09	-5.42942073523e-08
7.47812885896e-09	-3.57172623922e-07
7.54044659945e-09	-6.9953902937e-07
7.60276433994e-09	-1.02328257867e-06
7.66508208044e-09	-1.2273530956e-06
7.72739982093e-09	-1.20591747077e-06
7.78971756142e-09	-9.0208807535e-07
7.85203530191e-09	-3.49533536337e-07
7.9143530424e-09	3.23370052513e-07
7.97667078289e-09	9.28800062638e-07
8.03898852338e-09	1.28682225409e-06
8.10130626388e-09	1.28976245151e-06
8.16362400437e-09	9.41617045669e-07
8.22594174486e-09	3.53254456797e-07
8.28825948535e-09	-2.99709896012e-07
8.35057722584e-09	-8.38740703557e-07
8.41289496633e-09	-1.13862236617e-06
