% time-domain current integration by openEMS v0.0.35 @Sun Sep 12 11:51:13 2021
% start-coordinates: (-0.0142156,-0.0006,0.000127) m -> [4,15,2]
% stop-coordinates: (-0.0142156,0.0003,0.00033655) m -> [4,18,5]
% t/s	current
1.36064935571e-13	0
6.24538054269e-11	2.30157726211e-10
1.24771545918e-10	3.40843520075e-10
1.8708928641e-10	3.41421113603e-10
2.49407026901e-10	-1.71879441235e-10
3.11724767392e-10	-1.96469351899e-09
3.74042507884e-10	-6.15434592177e-09
4.36360248375e-10	-1.39250380116e-08
4.98677988866e-10	-2.55669370119e-08
5.60995729358e-10	-3.87752088216e-08
6.23313469849e-10	-4.6621515537e-08
6.8563121034e-10	-3.62464653847e-08
7.47948950832e-10	9.85835679757e-09
8.10266691323e-10	1.0830051167e-07
8.72584431814e-10	2.64711474074e-07
9.34902172306e-10	4.61965726117e-07
9.97219912797e-10	6.52572623494e-07
1.05953765329e-09	7.62457091241e-07
1.12185539378e-09	7.10445988261e-07
1.18417313427e-09	4.40346866526e-07
1.24649087476e-09	-4.60343834163e-08
1.30880861525e-09	-6.71473287639e-07
1.37112635575e-09	-1.29481372824e-06
1.43344409624e-09	-1.75228922217e-06
1.49576183673e-09	-1.91447725228e-06
1.55807957722e-09	-1.73470994014e-06
1.62039731771e-09	-1.26670829559e-06
1.6827150582e-09	-6.43357964236e-07
1.74503279869e-09	-2.65812101219e-08
1.80735053918e-09	4.48455040214e-07
1.86966827968e-09	7.1157074899e-07
1.93198602017e-09	7.6568193208e-07
1.99430376066e-09	6.67388917464e-07
2.05662150115e-09	4.94240509852e-07
2.11893924164e-09	3.14693124892e-07
2.18125698213e-09	1.71320195363e-07
2.24357472262e-09	7.86753986404e-08
2.30589246312e-09	3.12973860161e-08
2.36821020361e-09	1.43697818089e-08
2.4305279441e-09	1.20483756305e-08
2.49284568459e-09	1.18548664219e-08
2.55516342508e-09	6.00941785223e-09
2.61748116557e-09	-8.51551540393e-09
2.67979890606e-09	-3.00373272921e-08
2.74211664655e-09	-5.262906555e-08
2.80443438705e-09	-6.76204550132e-08
2.86675212754e-09	-6.6538454746e-08
2.92906986803e-09	-4.48735022474e-08
2.99138760852e-09	-5.00215646682e-09
3.05370534901e-09	4.32517737181e-08
3.1160230895e-09	8.57205009197e-08
3.17834082999e-09	1.09025030781e-07
3.24065857049e-09	1.05798712013e-07
3.30297631098e-09	7.75593917979e-08
3.36529405147e-09	3.39157750773e-08
3.42761179196e-09	-1.14698357478e-08
3.48992953245e-09	-4.60804869817e-08
3.55224727294e-09	-6.24555340778e-08
3.61456501343e-09	-5.9783090478e-08
3.67688275393e-09	-4.27022115446e-08
3.73920049442e-09	-1.85812005782e-08
3.80151823491e-09	5.42932987457e-09
3.8638359754e-09	2.44768862956e-08
3.92615371589e-09	3.68356438685e-08
3.98847145638e-09	4.33044675674e-08
4.05078919687e-09	4.58888713695e-08
4.11310693736e-09	4.61664697582e-08
4.17542467786e-09	4.40915535194e-08
4.23774241835e-09	3.79979567811e-08
4.30006015884e-09	2.57441090667e-08
4.36237789933e-09	6.57761090039e-09
4.42469563982e-09	-1.72533383136e-08
4.48701338031e-09	-4.01881123935e-08
4.5493311208e-09	-5.4897274282e-08
4.6116488613e-09	-5.51376082569e-08
4.67396660179e-09	-3.86848704181e-08
4.73628434228e-09	-8.96556073826e-09
4.79860208277e-09	2.57394816572e-08
4.86091982326e-09	5.51721903719e-08
4.92323756375e-09	7.07812901624e-08
4.98555530424e-09	6.88254502279e-08
5.04787304473e-09	5.12528615104e-08
5.11019078523e-09	2.44764954971e-08
5.17250852572e-09	-3.2947895523e-09
5.23482626621e-09	-2.49489140458e-08
5.2971440067e-09	-3.64809942255e-08
5.35946174719e-09	-3.74503272838e-08
5.42177948768e-09	-3.02577234379e-08
5.48409722817e-09	-1.87372322102e-08
5.54641496867e-09	-6.45417763678e-09
5.60873270916e-09	4.36608349474e-09
5.67105044965e-09	1.3140617483e-08
5.73336819014e-09	2.05042702817e-08
5.79568593063e-09	2.71873030755e-08
5.85800367112e-09	3.29291616197e-08
5.92032141161e-09	3.60819605305e-08
5.9826391521e-09	3.41216512822e-08
6.0449568926e-09	2.50487186548e-08
6.10727463309e-09	8.93346019382e-09
6.16959237358e-09	-1.12749027892e-08
6.23191011407e-09	-3.02460811952e-08
6.29422785456e-09	-4.20222470154e-08
6.35654559505e-09	-4.23273824879e-08
6.41886333554e-09	-3.04457898892e-08
6.48118107604e-09	-9.62233315249e-09
6.54349881653e-09	1.40429374795e-08
6.60581655702e-09	3.37653069948e-08
6.66813429751e-09	4.44506298436e-08
6.730452038e-09	4.41386980299e-08
6.79276977849e-09	3.4294711071e-08
6.85508751898e-09	1.88045383709e-08
6.91740525948e-09	2.37594810493e-09
6.97972299997e-09	-1.09906821422e-08
7.04204074046e-09	-1.90529032551e-08
7.10435848095e-09	-2.15667235182e-08
7.16667622144e-09	-1.97612592956e-08
7.22899396193e-09	-1.55132315882e-08
7.29131170242e-09	-1.03533670526e-08
7.35362944291e-09	-4.87553331041e-09
7.41594718341e-09	1.15131326694e-09
7.4782649239e-09	8.20654122435e-09
7.54058266439e-09	1.61826214651e-08
7.60290040488e-09	2.37910331435e-08
7.66521814537e-09	2.87183663517e-08
7.72753588586e-09	2.84529804162e-08
7.78985362635e-09	2.16051105895e-08
7.85217136685e-09	8.84111450716e-09
7.91448910734e-09	-6.90453161312e-09
7.97680684783e-09	-2.1291810981e-08
8.03912458832e-09	-3.00320337487e-08
8.10144232881e-09	-3.04933642781e-08
8.1637600693e-09	-2.26521716939e-08
8.22607780979e-09	-8.99409435817e-09
8.28839555028e-09	6.40228092763e-09
8.35071329078e-09	1.92925924125e-08
8.41303103127e-09	2.66706123853e-08
