% time-domain voltage integration by openEMS v0.0.35 @Sun Sep 12 11:51:13 2021
% start-coordinates: (0.0113234,0,0) m -> [54,17,0]
% stop-coordinates: (0.0113234,0,0.000254) m -> [54,17,4]
% t/s	voltage
0	-0
6.23177404913e-11	-1.019720571e-11
1.24635480983e-10	-4.64887087159e-10
1.86953221474e-10	-3.21129185743e-10
2.49270961965e-10	-1.14896415299e-10
3.11588702457e-10	9.7806285293e-10
3.73906442948e-10	5.09213804456e-09
4.36224183439e-10	1.31742383669e-08
4.98541923931e-10	2.54764702667e-08
5.60859664422e-10	4.16262793124e-08
6.23177404913e-10	5.62557493922e-08
6.85495145405e-10	5.86471076147e-08
7.47812885896e-10	3.05852196902e-08
8.10130626388e-10	-4.62957636671e-08
8.72448366879e-10	-1.86811877967e-07
9.3476610737e-10	-3.86167442912e-07
9.97083847862e-10	-6.20059608991e-07
1.05940158835e-09	-8.38573228634e-07
1.12171932884e-09	-9.77165768745e-07
1.18403706934e-09	-9.80763985581e-07
1.24635480983e-09	-8.28401198305e-07
1.30867255032e-09	-5.45383002759e-07
1.37099029081e-09	-1.95451271168e-07
1.4333080313e-09	1.47819246621e-07
1.49562577179e-09	4.44607081818e-07
1.55794351228e-09	7.19875430377e-07
1.62026125278e-09	1.06741524064e-06
1.68257899327e-09	1.60609079103e-06
1.74489673376e-09	2.4036803552e-06
1.80721447425e-09	3.39296184393e-06
1.86953221474e-09	4.33140098721e-06
1.93184995523e-09	4.84105510168e-06
1.99416769572e-09	4.54083851764e-06
2.05648543621e-09	3.23210031183e-06
2.11880317671e-09	1.05347498902e-06
2.1811209172e-09	-1.4857193662e-06
2.24343865769e-09	-3.64616357729e-06
2.30575639818e-09	-4.72645558602e-06
2.36807413867e-09	-4.34808112004e-06
2.43039187916e-09	-2.62155532482e-06
2.49270961965e-09	-1.08305638236e-07
2.55502736015e-09	2.4058042527e-06
2.61734510064e-09	4.20969411152e-06
2.67966284113e-09	4.90525087571e-06
2.74198058162e-09	4.4925354814e-06
2.80429832211e-09	3.29179232494e-06
2.8666160626e-09	1.76821390596e-06
2.92893380309e-09	3.50694179474e-07
2.99125154358e-09	-6.90258843861e-07
3.05356928408e-09	-1.27691868101e-06
3.11588702457e-09	-1.48277206335e-06
3.17820476506e-09	-1.44775600575e-06
3.24052250555e-09	-1.28851445425e-06
3.30284024604e-09	-1.03840159227e-06
3.36515798653e-09	-6.40446700118e-07
3.42747572702e-09	-2.7282948678e-09
3.48979346752e-09	9.11670795745e-07
3.55211120801e-09	2.00368930336e-06
3.6144289485e-09	3.0160021538e-06
3.67674668899e-09	3.59948984396e-06
3.73906442948e-09	3.45128967183e-06
3.80138216997e-09	2.46908030022e-06
3.86369991046e-09	8.37103002027e-07
3.92601765095e-09	-1.0044383032e-06
3.98833539145e-09	-2.50718909456e-06
4.05065313194e-09	-3.21960186511e-06
4.11297087243e-09	-2.9562534678e-06
4.17528861292e-09	-1.8540121971e-06
4.23760635341e-09	-2.99841040885e-07
4.2999240939e-09	1.2294403291e-06
4.36224183439e-09	2.3371211455e-06
4.42455957489e-09	2.8185473866e-06
4.48687731538e-09	2.68487548283e-06
4.54919505587e-09	2.10904067899e-06
4.61151279636e-09	1.33179011641e-06
4.67383053685e-09	5.69753566992e-07
4.73614827734e-09	-4.66605722949e-08
4.79846601783e-09	-4.87283784878e-07
4.86078375833e-09	-7.93733960336e-07
4.92310149882e-09	-1.02263499002e-06
4.98541923931e-09	-1.18729255405e-06
5.0477369798e-09	-1.23077666103e-06
5.11005472029e-09	-1.04688047031e-06
5.17237246078e-09	-5.45226185977e-07
5.23469020127e-09	2.71155094822e-07
5.29700794176e-09	1.25949435414e-06
5.35932568226e-09	2.15588869423e-06
5.42164342275e-09	2.66191312903e-06
5.48396116324e-09	2.56513203567e-06
5.54627890373e-09	1.83739581416e-06
5.60859664422e-09	6.64020745944e-07
5.67091438471e-09	-6.16142685317e-07
5.7332321252e-09	-1.63272738973e-06
5.7955498657e-09	-2.11491595792e-06
5.85786760619e-09	-1.97648199673e-06
5.92018534668e-09	-1.32489316229e-06
5.98250308717e-09	-4.00531270373e-07
6.04482082766e-09	5.20252754654e-07
6.10713856815e-09	1.21574436207e-06
6.16945630864e-09	1.57328770456e-06
6.23177404913e-09	1.59744857342e-06
6.29409178963e-09	1.37751780471e-06
6.35640953012e-09	1.03469673718e-06
6.41872727061e-09	6.69115649998e-07
6.4810450111e-09	3.28256334114e-07
6.54336275159e-09	6.77010891792e-09
6.60568049208e-09	-3.23405473068e-07
6.66799823257e-09	-6.68273827387e-07
6.73031597307e-09	-9.79601907147e-07
6.79263371356e-09	-1.1554857906e-06
6.85495145405e-09	-1.08105825802e-06
6.91726919454e-09	-6.90148482363e-07
6.97958693503e-09	-1.90075297724e-08
7.04190467552e-09	7.81253191917e-07
7.10422241601e-09	1.48470238059e-06
7.16654015651e-09	1.87072828339e-06
7.228857897e-09	1.80774335945e-06
7.29117563749e-09	1.3063442168e-06
7.35349337798e-09	5.15706759074e-07
7.41581111847e-09	-3.3177141745e-07
7.47812885896e-09	-1.00287309124e-06
7.54044659945e-09	-1.33912766387e-06
7.60276433994e-09	-1.29721505004e-06
7.66508208044e-09	-9.45080458337e-07
7.72739982093e-09	-4.22917139531e-07
7.78971756142e-09	1.13021025427e-07
7.85203530191e-09	5.39998623594e-07
7.9143530424e-09	7.97741037672e-07
7.97667078289e-09	8.90106377938e-07
8.03898852338e-09	8.62772637333e-07
8.10130626388e-09	7.685715957e-07
8.16362400437e-09	6.38100658534e-07
8.22594174486e-09	4.67778129121e-07
8.28825948535e-09	2.3379129388e-07
8.35057722584e-09	-7.77115491957e-08
8.41289496633e-09	-4.40275911728e-07
