% time-domain current integration by openEMS v0.0.35 @Sun Sep 12 11:51:13 2021
% start-coordinates: (-0.0127695,-0.0006,0.000127) m -> [5,15,2]
% stop-coordinates: (-0.0127695,0.0003,0.00033655) m -> [5,18,5]
% t/s	current
1.36064935571e-13	0
6.24538054269e-11	3.1235145026e-10
1.24771545918e-10	3.81424725138e-10
1.8708928641e-10	3.51023793366e-10
2.49407026901e-10	-3.60970087154e-10
3.11724767392e-10	-2.63764610153e-09
3.74042507884e-10	-7.79288633623e-09
4.36360248375e-10	-1.70877303418e-08
4.98677988866e-10	-3.05783451893e-08
5.60995729358e-10	-4.51356427789e-08
6.23313469849e-10	-5.21525898023e-08
6.8563121034e-10	-3.63877710186e-08
7.47948950832e-10	2.20900382431e-08
8.10266691323e-10	1.40940485949e-07
8.72584431814e-10	3.2379023196e-07
9.34902172306e-10	5.47219599412e-07
9.97219912797e-10	7.5352403428e-07
1.05953765329e-09	8.57150098454e-07
1.12185539378e-09	7.68814231833e-07
1.18417313427e-09	4.32438554299e-07
1.24649087476e-09	-1.39155758916e-07
1.30880861525e-09	-8.48488582506e-07
1.37112635575e-09	-1.53101734668e-06
1.43344409624e-09	-2.00502586267e-06
1.49576183673e-09	-2.13564362639e-06
1.55807957722e-09	-1.88558260561e-06
1.62039731771e-09	-1.32907848638e-06
1.6827150582e-09	-6.22745233159e-07
1.74503279869e-09	5.29600256982e-08
1.80735053918e-09	5.54902385375e-07
1.86966827968e-09	8.15862222225e-07
1.93198602017e-09	8.48931335895e-07
1.99430376066e-09	7.22773052075e-07
2.05662150115e-09	5.24419988324e-07
2.11893924164e-09	3.27214138451e-07
2.18125698213e-09	1.74320504698e-07
2.24357472262e-09	7.83572318142e-08
2.30589246312e-09	3.11269943154e-08
2.36821020361e-09	1.54232910887e-08
2.4305279441e-09	1.38844384878e-08
2.49284568459e-09	1.31934783099e-08
2.55516342508e-09	5.36122302108e-09
2.61748116557e-09	-1.22471242037e-08
2.67979890606e-09	-3.70852220044e-08
2.74211664655e-09	-6.19528677248e-08
2.80443438705e-09	-7.6919775438e-08
2.86675212754e-09	-7.28537798977e-08
2.92906986803e-09	-4.55091644369e-08
2.99138760852e-09	1.23333665503e-09
3.05370534901e-09	5.54602017644e-08
3.1160230895e-09	1.01046005341e-07
3.17834082999e-09	1.23551359366e-07
3.24065857049e-09	1.15931797495e-07
3.30297631098e-09	8.1237473637e-08
3.36529405147e-09	3.11510923723e-08
3.42761179196e-09	-1.88710433946e-08
3.48992953245e-09	-5.5303441826e-08
3.55224727294e-09	-7.07696869995e-08
3.61456501343e-09	-6.52823217706e-08
3.67688275393e-09	-4.46409487154e-08
3.73920049442e-09	-1.722409948e-08
3.80151823491e-09	9.17675002654e-09
3.8638359754e-09	2.95874755807e-08
3.92615371589e-09	4.24863024762e-08
3.98847145638e-09	4.9076714248e-08
4.05078919687e-09	5.16175404641e-08
4.11310693736e-09	5.16754070645e-08
4.17542467786e-09	4.89251910096e-08
4.23774241835e-09	4.13159959578e-08
4.30006015884e-09	2.65399471289e-08
4.36237789933e-09	4.10074463275e-09
4.42469563982e-09	-2.29610304103e-08
4.48701338031e-09	-4.79841339995e-08
4.5493311208e-09	-6.27062348713e-08
4.6116488613e-09	-6.053954138e-08
4.67396660179e-09	-3.97807511376e-08
4.73628434228e-09	-5.09240383195e-09
4.79860208277e-09	3.37163399422e-08
4.86091982326e-09	6.51518874406e-08
4.92323756375e-09	8.01904107561e-08
4.98555530424e-09	7.54477369469e-08
5.04787304473e-09	5.39168141245e-08
5.11019078523e-09	2.32393233546e-08
5.17250852572e-09	-7.38227257102e-09
5.23482626621e-09	-3.03375458088e-08
5.2971440067e-09	-4.16589642782e-08
5.35946174719e-09	-4.13559781975e-08
5.42177948768e-09	-3.24373630178e-08
5.48409722817e-09	-1.92197724402e-08
5.54641496867e-09	-5.59325119553e-09
5.60873270916e-09	6.22145757134e-09
5.67105044965e-09	1.58124642269e-08
5.73336819014e-09	2.39568578309e-08
5.79568593063e-09	3.13994590329e-08
5.85800367112e-09	3.7624385385e-08
5.92032141161e-09	4.05946316562e-08
5.9826391521e-09	3.74540789494e-08
6.0449568926e-09	2.61607020491e-08
6.10727463309e-09	7.21311099738e-09
6.16959237358e-09	-1.56594062162e-08
6.23191011407e-09	-3.6262207459e-08
6.29422785456e-09	-4.79834447731e-08
6.35654559505e-09	-4.64957565782e-08
6.41886333554e-09	-3.15529220529e-08
6.48118107604e-09	-7.34930649671e-09
6.54349881653e-09	1.90200495354e-08
6.60581655702e-09	4.00757684815e-08
6.66813429751e-09	5.04720070182e-08
6.730452038e-09	4.85604516598e-08
6.79276977849e-09	3.64232981553e-08
6.85508751898e-09	1.86306472472e-08
6.91740525948e-09	4.5179723851e-10
6.97972299997e-09	-1.38492293189e-08
7.04204074046e-09	-2.20510809612e-08
7.10435848095e-09	-2.41375506249e-08
7.16667622144e-09	-2.16638671446e-08
7.22899396193e-09	-1.67056803946e-08
7.29131170242e-09	-1.08639595098e-08
7.35362944291e-09	-4.68961358635e-09
7.41594718341e-09	2.1987913712e-09
7.4782649239e-09	1.03010391328e-08
7.54058266439e-09	1.93293665518e-08
7.60290040488e-09	2.76482872152e-08
7.66521814537e-09	3.25675060253e-08
7.72753588586e-09	3.13637862348e-08
7.78985362635e-09	2.27030998445e-08
7.85217136685e-09	7.71461738935e-09
7.91448910734e-09	-1.00476729159e-08
7.97680684783e-09	-2.56089389694e-08
8.03912458832e-09	-3.43102044553e-08
8.10144232881e-09	-3.35512240213e-08
8.1637600693e-09	-2.36959518674e-08
8.22607780979e-09	-7.84573117585e-09
8.28839555028e-09	9.29212173872e-09
8.35071329078e-09	2.30927401645e-08
8.41303103127e-09	3.04158795927e-08
