% time-domain voltage integration by openEMS v0.0.35 @Sun Sep 12 11:51:13 2021
% start-coordinates: (0.0127695,0,0) m -> [55,17,0]
% stop-coordinates: (0.0127695,0,0.000254) m -> [55,17,4]
% t/s	voltage
0	-0
6.23177404913e-11	9.05515484644e-12
1.24635480983e-10	-4.45849406006e-10
1.86953221474e-10	-3.0631244069e-10
2.49270961965e-10	-5.09525460018e-11
3.11588702457e-10	1.21312632162e-09
3.73906442948e-10	4.49210435516e-09
4.36224183439e-10	1.10731446235e-08
4.98541923931e-10	2.20992455446e-08
5.60859664422e-10	3.66859111978e-08
6.23177404913e-10	5.10885511673e-08
6.85495145405e-10	5.56557804288e-08
7.47812885896e-10	3.4397766413e-08
8.10130626388e-10	-2.99410056748e-08
8.72448366879e-10	-1.5254105179e-07
9.3476610737e-10	-3.32001654613e-07
9.97083847862e-10	-5.47819496433e-07
1.05940158835e-09	-7.57261233275e-07
1.12171932884e-09	-9.00574491425e-07
1.18403706934e-09	-9.23767714767e-07
1.24635480983e-09	-8.01716083743e-07
1.30867255032e-09	-5.51751327293e-07
1.37099029081e-09	-2.29473180013e-07
1.4333080313e-09	9.56691792453e-08
1.49562577179e-09	3.80001047517e-07
1.55794351228e-09	6.37477683085e-07
1.62026125278e-09	9.47789388306e-07
1.68257899327e-09	1.42190017982e-06
1.74489673376e-09	2.13353041545e-06
1.80721447425e-09	3.04044112909e-06
1.86953221474e-09	3.93819857436e-06
1.93184995523e-09	4.48627179139e-06
1.99416769572e-09	4.3205656084e-06
2.05648543621e-09	3.22364536487e-06
2.11880317671e-09	1.27925889615e-06
2.1811209172e-09	-1.08018707579e-06
2.24343865769e-09	-3.18163006341e-06
2.30575639818e-09	-4.34981916442e-06
2.36807413867e-09	-4.17985984313e-06
2.43039187916e-09	-2.71262695151e-06
2.49270961965e-09	-4.25203587895e-07
2.55502736015e-09	1.96103724193e-06
2.61734510064e-09	3.75945705855e-06
2.67966284113e-09	4.55186454928e-06
2.74198058162e-09	4.29115732459e-06
2.80429832211e-09	3.24423712073e-06
2.8666160626e-09	1.83745066806e-06
2.92893380309e-09	4.83621903413e-07
2.99125154358e-09	-5.41676541843e-07
3.05356928408e-09	-1.14375268367e-06
3.11588702457e-09	-1.37535963063e-06
3.17820476506e-09	-1.36457947519e-06
3.24052250555e-09	-1.22697375105e-06
3.30284024604e-09	-1.00522095181e-06
3.36515798653e-09	-6.56173895663e-07
3.42747572702e-09	-9.42285520722e-08
3.48979346752e-09	7.2675233298e-07
3.55211120801e-09	1.73354797539e-06
3.6144289485e-09	2.70443302952e-06
3.67674668899e-09	3.3188314319e-06
3.73906442948e-09	3.28048798792e-06
3.80138216997e-09	2.46262180781e-06
3.86369991046e-09	1.00124509572e-06
3.92601765095e-09	-7.18949124234e-07
3.98833539145e-09	-2.18945137931e-06
4.05065313194e-09	-2.96683776924e-06
4.11297087243e-09	-2.83975856519e-06
4.17528861292e-09	-1.8977746663e-06
4.23760635341e-09	-4.78465480569e-07
4.2999240939e-09	9.74967633738e-07
4.36224183439e-09	2.07521622997e-06
4.42455957489e-09	2.60478537939e-06
4.48687731538e-09	2.54891585882e-06
4.54919505587e-09	2.05365040529e-06
4.61151279636e-09	1.34053044576e-06
4.67383053685e-09	6.18380738615e-07
4.73614827734e-09	2.15880930909e-08
4.79846601783e-09	-4.10079373125e-07
4.86078375833e-09	-7.0917270989e-07
4.92310149882e-09	-9.29902668645e-07
4.98541923931e-09	-1.09240315282e-06
5.0477369798e-09	-1.15221931196e-06
5.11005472029e-09	-1.01387792029e-06
5.17237246078e-09	-5.86989060025e-07
5.23469020127e-09	1.40350564948e-07
5.29700794176e-09	1.05281452534e-06
5.35932568226e-09	1.91592388887e-06
5.42164342275e-09	2.44950746264e-06
5.48396116324e-09	2.43856885618e-06
5.54627890373e-09	1.8313880048e-06
5.60859664422e-09	7.75853564505e-07
5.67091438471e-09	-4.25189348618e-07
5.7332321252e-09	-1.42292947203e-06
5.7955498657e-09	-1.9467733523e-06
5.85786760619e-09	-1.89160061836e-06
5.92018534668e-09	-1.33587806772e-06
5.98250308717e-09	-4.92212237191e-07
6.04482082766e-09	3.80667565025e-07
6.10713856815e-09	1.06560099766e-06
6.16945630864e-09	1.44271237446e-06
6.23177404913e-09	1.50271162624e-06
6.29409178963e-09	1.32115630436e-06
6.35640953012e-09	1.01009351283e-06
6.41872727061e-09	6.67773448981e-07
6.4810450111e-09	3.45858389039e-07
6.54336275159e-09	4.47029178119e-08
6.60568049208e-09	-2.61110010058e-07
6.66799823257e-09	-5.82070896371e-07
6.73031597307e-09	-8.80641394474e-07
6.79263371356e-09	-1.0672775943e-06
6.85495145405e-09	-1.03324052247e-06
6.91726919454e-09	-7.07723302185e-07
6.97958693503e-09	-1.10253873586e-07
7.04190467552e-09	6.31108150628e-07
7.10422241601e-09	1.31158395789e-06
7.16654015651e-09	1.71974045315e-06
7.228857897e-09	1.71833252693e-06
7.29117563749e-09	1.29893126655e-06
7.35349337798e-09	5.85638261441e-07
7.41581111847e-09	-2.10901585973e-07
7.47812885896e-09	-8.68936737675e-07
7.54044659945e-09	-1.22835410821e-06
7.60276433994e-09	-1.23396162621e-06
7.66508208044e-09	-9.37142360158e-07
7.72739982093e-09	-4.62342072183e-07
7.78971756142e-09	4.35878613203e-08
7.85203530191e-09	4.59902629757e-07
7.9143530424e-09	7.22128788766e-07
7.97667078289e-09	8.26848008728e-07
8.03898852338e-09	8.12899784819e-07
8.10130626388e-09	7.30809929905e-07
8.16362400437e-09	6.12693739299e-07
8.22594174486e-09	4.59539080566e-07
8.28825948535e-09	2.50204465146e-07
8.35057722584e-09	-3.1164645975e-08
8.41289496633e-09	-3.66069961899e-07
