% time-domain current integration by openEMS v0.0.35 @Sun Sep 12 11:51:13 2021
% start-coordinates: (0.0113234,-0.0006,0.000127) m -> [54,15,2]
% stop-coordinates: (0.0113234,0.0003,0.00033655) m -> [54,18,5]
% t/s	current
1.36064935571e-13	-0
6.24538054269e-11	-1.2333775494e-12
1.24771545918e-10	1.10630844763e-11
1.8708928641e-10	8.50458939383e-12
2.49407026901e-10	9.47161836809e-13
3.11724767392e-10	-3.01109762124e-11
3.74042507884e-10	-1.16009854501e-10
4.36360248375e-10	-2.92830426574e-10
4.98677988866e-10	-5.87860982115e-10
5.60995729358e-10	-9.78466530022e-10
6.23313469849e-10	-1.35656996747e-09
6.8563121034e-10	-1.4730027198e-09
7.47948950832e-10	-9.02210472997e-10
8.10266691323e-10	8.14489697909e-10
8.72584431814e-10	4.07860811791e-09
9.34902172306e-10	8.84403306145e-09
9.97219912797e-10	1.45805527652e-08
1.05953765329e-09	2.01433412172e-08
1.12185539378e-09	2.39474307051e-08
1.18417313427e-09	2.45659759202e-08
1.24649087476e-09	2.13246309499e-08
1.30880861525e-09	1.46771430565e-08
1.37112635575e-09	6.07647043793e-09
1.43344409624e-09	-2.66817878902e-09
1.49576183673e-09	-1.04269064494e-08
1.55807957722e-09	-1.75977881156e-08
1.62039731771e-09	-2.62756199021e-08
1.6827150582e-09	-3.93054016001e-08
1.74503279869e-09	-5.84610759802e-08
1.80735053918e-09	-8.23577508413e-08
1.86966827968e-09	-1.05339125867e-07
1.93198602017e-09	-1.1832317881e-07
1.99430376066e-09	-1.1190263649e-07
2.05662150115e-09	-8.09024669479e-08
2.11893924164e-09	-2.82590093548e-08
2.18125698213e-09	3.39687282747e-08
2.24357472262e-09	8.78043167063e-08
2.30589246312e-09	1.15813790558e-07
2.36821020361e-09	1.08215161276e-07
2.4305279441e-09	6.71184352541e-08
2.49284568459e-09	5.8408073933e-09
2.55516342508e-09	-5.64196831476e-08
2.61748116557e-09	-1.01955492937e-07
2.67979890606e-09	-1.20521363556e-07
2.74211664655e-09	-1.11615527487e-07
2.80443438705e-09	-8.27674497828e-08
2.86675212754e-09	-4.53369395359e-08
2.92906986803e-09	-9.99694371728e-09
2.99138760852e-09	1.63190012614e-08
3.05370534901e-09	3.14110053523e-08
3.1160230895e-09	3.68877195456e-08
3.17834082999e-09	3.61434331353e-08
3.24065857049e-09	3.21464206365e-08
3.30297631098e-09	2.58910723971e-08
3.36529405147e-09	1.61444226876e-08
3.42761179196e-09	7.04026392739e-10
3.48992953245e-09	-2.14468212079e-08
3.55224727294e-09	-4.8082412718e-08
3.61456501343e-09	-7.30934601734e-08
3.67688275393e-09	-8.7988631492e-08
3.73920049442e-09	-8.52312354027e-08
3.80151823491e-09	-6.20014404262e-08
3.8638359754e-09	-2.24799556747e-08
3.92615371589e-09	2.27793393037e-08
3.98847145638e-09	6.03581753467e-08
4.05078919687e-09	7.89407295088e-08
4.11310693736e-09	7.36013205938e-08
4.17542467786e-09	4.73278269908e-08
4.23774241835e-09	9.37876798446e-09
4.30006015884e-09	-2.85404304634e-08
4.36237789933e-09	-5.64967344019e-08
4.42469563982e-09	-6.91919765927e-08
4.48701338031e-09	-6.66079102984e-08
4.5493311208e-09	-5.28271506539e-08
4.6116488613e-09	-3.37334675748e-08
4.67396660179e-09	-1.47484771063e-08
4.73628434228e-09	7.55868090341e-10
4.79860208277e-09	1.18758611833e-08
4.86091982326e-09	1.95513507606e-08
4.92323756375e-09	2.51722429567e-08
4.98555530424e-09	2.91836528277e-08
5.04787304473e-09	3.03029885629e-08
5.11019078523e-09	2.59981796091e-08
5.17250852572e-09	1.4011204641e-08
5.23482626621e-09	-5.7200653103e-09
5.2971440067e-09	-2.98782225627e-08
5.35946174719e-09	-5.21010434795e-08
5.42177948768e-09	-6.50711129424e-08
5.48409722817e-09	-6.34114343256e-08
5.54641496867e-09	-4.61943976404e-08
5.60873270916e-09	-1.77222361231e-08
5.67105044965e-09	1.38104123693e-08
5.73336819014e-09	3.92829022644e-08
5.79568593063e-09	5.18659959425e-08
5.85800367112e-09	4.91835727701e-08
5.92032141161e-09	3.36592336225e-08
5.9826391521e-09	1.10803481945e-08
6.0449568926e-09	-1.17578977665e-08
6.10727463309e-09	-2.92790787171e-08
6.16959237358e-09	-3.85558855953e-08
6.23191011407e-09	-3.95363599637e-08
6.29422785456e-09	-3.43314177087e-08
6.35654559505e-09	-2.59067132191e-08
6.41886333554e-09	-1.68055773742e-08
6.48118107604e-09	-8.29351787246e-09
6.54349881653e-09	-3.19314241715e-10
6.60581655702e-09	7.77933006901e-09
6.66813429751e-09	1.62042894658e-08
6.730452038e-09	2.38607391623e-08
6.79276977849e-09	2.8317920453e-08
6.85508751898e-09	2.67691770972e-08
6.91740525948e-09	1.75062329077e-08
6.97972299997e-09	1.28440102998e-09
7.04204074046e-09	-1.83143775701e-08
7.10435848095e-09	-3.58114782273e-08
7.16667622144e-09	-4.57321576164e-08
7.22899396193e-09	-4.47174066665e-08
7.29131170242e-09	-3.28476161826e-08
7.35362944291e-09	-1.3634985585e-08
7.41594718341e-09	7.26780724492e-09
7.4782649239e-09	2.40974689092e-08
7.54058266439e-09	3.28250102655e-08
7.60290040488e-09	3.22377289308e-08
7.66521814537e-09	2.38800037522e-08
7.72753588586e-09	1.11245483936e-08
7.78985362635e-09	-2.16111484264e-09
7.85217136685e-09	-1.2898978774e-08
7.91448910734e-09	-1.94946121468e-08
7.97680684783e-09	-2.19555786884e-08
8.03912458832e-09	-2.13766284674e-08
8.10144232881e-09	-1.90564488634e-08
8.1637600693e-09	-1.58114303872e-08
8.22607780979e-09	-1.16208953571e-08
8.28839555028e-09	-5.91853988041e-09
8.35071329078e-09	1.6481263021e-09
8.41303103127e-09	1.05073976187e-08
