% time-domain voltage integration by openEMS v0.0.35 @Sun Sep 12 11:51:13 2021
% start-coordinates: (-0.0113234,0,0) m -> [6,17,0]
% stop-coordinates: (-0.0113234,0,0.000254) m -> [6,17,4]
% t/s	voltage
0	-0
6.23177404913e-11	-1.12126736784e-08
1.24635480983e-10	-1.55401509438e-08
1.86953221474e-10	-1.44744347619e-08
2.49270961965e-10	1.97827580983e-08
3.11588702457e-10	1.17440210445e-07
3.73906442948e-10	3.400027353e-07
4.36224183439e-10	7.32455646357e-07
4.98541923931e-10	1.29484163836e-06
5.60859664422e-10	1.88417195091e-06
6.23177404913e-10	2.13103226088e-06
6.85495145405e-10	1.39258136755e-06
7.47812885896e-10	-1.15236676379e-06
8.10130626388e-10	-6.20534763129e-06
8.72448366879e-10	-1.38553029956e-05
9.3476610737e-10	-2.30516848205e-05
9.97083847862e-10	-3.1336230677e-05
1.05940158835e-09	-3.51538128598e-05
1.12171932884e-09	-3.08888511427e-05
1.18403706934e-09	-1.63947165674e-05
1.24635480983e-09	7.57190912282e-06
1.30867255032e-09	3.67909333363e-05
1.37099029081e-09	6.43956627755e-05
1.4333080313e-09	8.29899490782e-05
1.49562577179e-09	8.72689797689e-05
1.55794351228e-09	7.60197635827e-05
1.62026125278e-09	5.25712393937e-05
1.68257899327e-09	2.3489643354e-05
1.74489673376e-09	-3.86172121125e-06
1.80721447425e-09	-2.37967688008e-05
1.86953221474e-09	-3.37940628015e-05
1.93184995523e-09	-3.45897651641e-05
1.99416769572e-09	-2.90957914331e-05
2.05648543621e-09	-2.08790324905e-05
2.11880317671e-09	-1.28749068153e-05
2.1811209172e-09	-6.7618848334e-06
2.24343865769e-09	-2.98676616239e-06
2.30575639818e-09	-1.17255498822e-06
2.36807413867e-09	-6.04040806707e-07
2.43039187916e-09	-5.75269552883e-07
2.49270961965e-09	-5.5185019221e-07
2.55502736015e-09	-2.19551026248e-07
2.61734510064e-09	5.17545586831e-07
2.67966284113e-09	1.54432336785e-06
2.74198058162e-09	2.55602020616e-06
2.80429832211e-09	3.14447328265e-06
2.8666160626e-09	2.9412681215e-06
2.92893380309e-09	1.78663020733e-06
2.99125154358e-09	-1.43760232163e-07
3.05356928408e-09	-2.35128038639e-06
3.11588702457e-09	-4.17616922732e-06
3.17820476506e-09	-5.03905437199e-06
3.24052250555e-09	-4.67125664727e-06
3.30284024604e-09	-3.21810398418e-06
3.36515798653e-09	-1.16639100156e-06
3.42747572702e-09	8.50811773034e-07
3.48979346752e-09	2.29340736269e-06
3.55211120801e-09	2.87632991558e-06
3.6144289485e-09	2.61521734046e-06
3.67674668899e-09	1.75519781465e-06
3.73906442948e-09	6.40230481963e-07
3.80138216997e-09	-4.18695108806e-07
3.86369991046e-09	-1.22736497588e-06
3.92601765095e-09	-1.73311630647e-06
3.98833539145e-09	-1.99020900027e-06
4.05065313194e-09	-2.09162067222e-06
4.11297087243e-09	-2.09604297652e-06
4.17528861292e-09	-1.98471377644e-06
4.23760635341e-09	-1.66961390846e-06
4.2999240939e-09	-1.05572610209e-06
4.36224183439e-09	-1.2891240786e-07
4.42455957489e-09	9.78035700427e-07
4.48687731538e-09	1.98895315862e-06
4.54919505587e-09	2.56424237932e-06
4.61151279636e-09	2.44265442007e-06
4.67383053685e-09	1.56602075663e-06
4.73614827734e-09	1.36186898203e-07
4.79846601783e-09	-1.43990118318e-06
4.86078375833e-09	-2.69450367796e-06
4.92310149882e-09	-3.26911776938e-06
4.98541923931e-09	-3.03893278897e-06
5.0477369798e-09	-2.13724354126e-06
5.11005472029e-09	-8.82253289092e-07
5.17237246078e-09	3.51872124327e-07
5.23469020127e-09	1.26245245724e-06
5.29700794176e-09	1.69638593661e-06
5.35932568226e-09	1.66246320532e-06
5.42164342275e-09	1.28855546677e-06
5.48396116324e-09	7.50905513769e-07
5.54627890373e-09	2.03664431098e-07
5.60859664422e-09	-2.67280753974e-07
5.67091438471e-09	-6.50093880949e-07
5.7332321252e-09	-9.79615890628e-07
5.7955498657e-09	-1.28318106363e-06
5.85786760619e-09	-1.53719943796e-06
5.92018534668e-09	-1.6534413021e-06
5.98250308717e-09	-1.51483212107e-06
6.04482082766e-09	-1.04121676259e-06
6.10713856815e-09	-2.57975067086e-07
6.16945630864e-09	6.76543507439e-07
6.23177404913e-09	1.50571867152e-06
6.29409178963e-09	1.96230161009e-06
6.35640953012e-09	1.87579991007e-06
6.41872727061e-09	1.24561802295e-06
6.4810450111e-09	2.49518151918e-07
6.54336275159e-09	-8.19657842044e-07
6.60568049208e-09	-1.6586660081e-06
6.66799823257e-09	-2.05754571425e-06
6.73031597307e-09	-1.95655098878e-06
6.79263371356e-09	-1.44713246186e-06
6.85495145405e-09	-7.191610365e-07
6.91726919454e-09	1.35938635903e-08
6.97958693503e-09	5.81813978329e-07
7.04190467552e-09	9.00735429354e-07
7.10422241601e-09	9.74029546796e-07
7.16654015651e-09	8.67854652142e-07
7.228857897e-09	6.66292777396e-07
7.29117563749e-09	4.31767681164e-07
7.35349337798e-09	1.83033826318e-07
7.41581111847e-09	-9.70780185128e-08
7.47812885896e-09	-4.28761488536e-07
7.54044659945e-09	-7.98304938598e-07
7.60276433994e-09	-1.13568924576e-06
7.66508208044e-09	-1.32906964723e-06
7.72739982093e-09	-1.26822584434e-06
7.78971756142e-09	-9.0328335034e-07
7.85203530191e-09	-2.83806834034e-07
7.9143530424e-09	4.40376723532e-07
7.97667078289e-09	1.0650053639e-06
8.03898852338e-09	1.40317683872e-06
8.10130626388e-09	1.35401936063e-06
8.16362400437e-09	9.37936590617e-07
8.22594174486e-09	2.86457229492e-07
8.28825948535e-09	-4.07788007806e-07
8.35057722584e-09	-9.57875400331e-07
8.41289496633e-09	-1.24043657479e-06
