% time-domain current integration by openEMS v0.0.35 @Sun Sep 12 11:51:13 2021
% start-coordinates: (0.0127695,-0.0006,0.000127) m -> [55,15,2]
% stop-coordinates: (0.0127695,0.0003,0.00033655) m -> [55,18,5]
% t/s	current
1.36064935571e-13	-0
6.24538054269e-11	-8.63531034873e-13
1.24771545918e-10	9.63533940135e-12
1.8708928641e-10	8.2854036132e-12
2.49407026901e-10	2.44137544382e-12
3.11724767392e-10	-2.02594295506e-11
3.74042507884e-10	-8.88173284919e-11
4.36360248375e-10	-2.35330643861e-10
4.98677988866e-10	-4.83323603362e-10
5.60995729358e-10	-8.26634871665e-10
6.23313469849e-10	-1.18029708229e-09
6.8563121034e-10	-1.33382904721e-09
7.47948950832e-10	-9.31222765566e-10
8.10266691323e-10	4.43281022999e-10
8.72584431814e-10	3.1743108142e-09
9.34902172306e-10	7.28764515401e-09
9.97219912797e-10	1.23681997977e-08
1.05953765329e-09	1.74600049974e-08
1.12185539378e-09	2.11686561613e-08
1.18417313427e-09	2.21517524324e-08
1.24649087476e-09	1.96887004478e-08
1.30880861525e-09	1.40379423641e-08
1.37112635575e-09	6.41828190595e-09
1.43344409624e-09	-1.5352853433e-09
1.49576183673e-09	-8.65755911406e-09
1.55807957722e-09	-1.50782231145e-08
1.62039731771e-09	-2.24842615637e-08
1.6827150582e-09	-3.34124514723e-08
1.74503279869e-09	-4.96929608573e-08
1.80735053918e-09	-7.05720708538e-08
1.86966827968e-09	-9.15274611657e-08
1.93198602017e-09	-1.0475334733e-07
1.99430376066e-09	-1.01683767184e-07
2.05662150115e-09	-7.69674386447e-08
2.11893924164e-09	-3.21387645386e-08
2.18125698213e-09	2.30498109488e-08
2.24357472262e-09	7.29791054255e-08
2.30589246312e-09	1.01671354003e-07
2.36821020361e-09	9.91942954442e-08
2.4305279441e-09	6.59578986983e-08
2.49284568459e-09	1.27409487405e-08
2.55516342508e-09	-4.36783196278e-08
2.61748116557e-09	-8.69575842444e-08
2.67979890606e-09	-1.06875923223e-07
2.74211664655e-09	-1.01869503055e-07
2.80443438705e-09	-7.78857298656e-08
2.86675212754e-09	-4.4867228155e-08
2.92906986803e-09	-1.26281189949e-08
2.99138760852e-09	1.21208616477e-08
3.05370534901e-09	2.685944267e-08
3.1160230895e-09	3.26741620427e-08
3.17834082999e-09	3.25165139259e-08
3.24065857049e-09	2.91834627575e-08
3.30297631098e-09	2.38551098874e-08
3.36529405147e-09	1.56720219024e-08
3.42761179196e-09	2.66901811763e-09
3.48992953245e-09	-1.63089879379e-08
3.55224727294e-09	-3.97428117083e-08
3.61456501343e-09	-6.26194704978e-08
3.67688275393e-09	-7.75012551912e-08
3.73920049442e-09	-7.73570079105e-08
3.80151823491e-09	-5.89719668653e-08
3.8638359754e-09	-2.52054341843e-08
3.92615371589e-09	1.51543151361e-08
3.98847145638e-09	5.02153021387e-08
4.05078919687e-09	6.94121169431e-08
4.11310693736e-09	6.74379805332e-08
4.17542467786e-09	4.60598705843e-08
4.23774241835e-09	1.29788242376e-08
4.30006015884e-09	-2.14331414838e-08
4.36237789933e-09	-4.7920636348e-08
4.42469563982e-09	-6.11200832168e-08
4.48701338031e-09	-6.04364487344e-08
4.5493311208e-09	-4.91388938428e-08
4.6116488613e-09	-3.2395682581e-08
4.67396660179e-09	-1.52045274149e-08
4.73628434228e-09	-8.63419780117e-10
4.79860208277e-09	9.5423198232e-09
4.86091982326e-09	1.66910005817e-08
4.92323756375e-09	2.18612381531e-08
4.98555530424e-09	2.56258516629e-08
5.04787304473e-09	2.70550088999e-08
5.11019078523e-09	2.39775648225e-08
5.17250852572e-09	1.42539118286e-08
5.23482626621e-09	-2.51862863898e-09
5.2971440067e-09	-2.37988828644e-08
5.35946174719e-09	-4.4204856664e-08
5.42177948768e-09	-5.7179516233e-08
5.48409722817e-09	-5.75571306172e-08
5.54641496867e-09	-4.38983427387e-08
5.60873270916e-09	-1.94587794766e-08
5.67105044965e-09	8.78479244903e-09
5.73336819014e-09	3.26303712939e-08
5.79568593063e-09	4.55698412338e-08
5.85800367112e-09	4.49190089569e-08
5.92032141161e-09	3.23129256685e-08
5.9826391521e-09	1.26334365191e-08
6.0449568926e-09	-8.0429281013e-09
6.10727463309e-09	-2.45108271457e-08
6.16959237358e-09	-3.37996937105e-08
6.23191011407e-09	-3.55567024712e-08
6.29422785456e-09	-3.14657526701e-08
6.35654559505e-09	-2.41578046456e-08
6.41886333554e-09	-1.60049129505e-08
6.48118107604e-09	-8.31568947035e-09
6.54349881653e-09	-1.17770648789e-09
6.60581655702e-09	5.98827165632e-09
6.66813429751e-09	1.34696129805e-08
6.730452038e-09	2.04688479499e-08
6.79276977849e-09	2.4958497491e-08
6.85508751898e-09	2.43920048604e-08
6.91740525948e-09	1.70536793576e-08
6.97972299997e-09	3.2803846306e-09
7.04204074046e-09	-1.40562352868e-08
7.10435848095e-09	-3.01912415068e-08
7.16667622144e-09	-4.01495903191e-08
7.22899396193e-09	-4.05890787647e-08
7.29131170242e-09	-3.11461256786e-08
7.35362944291e-09	-1.46089380593e-08
7.41594718341e-09	4.14984624442e-09
7.4782649239e-09	1.98911873639e-08
7.54058266439e-09	2.87407910804e-08
7.60290040488e-09	2.92735649055e-08
7.66521814537e-09	2.25672636134e-08
7.72753588586e-09	1.14914735505e-08
7.78985362635e-09	-4.92944907116e-10
7.85217136685e-09	-1.04814414925e-08
7.91448910734e-09	-1.68774398901e-08
7.97680684783e-09	-1.95057108243e-08
8.03912458832e-09	-1.92492404238e-08
8.10144232881e-09	-1.73231207157e-08
8.1637600693e-09	-1.4505851631e-08
8.22607780979e-09	-1.08967599388e-08
8.28839555028e-09	-6.02075411749e-09
8.35071329078e-09	5.13424969206e-10
8.41303103127e-09	8.31695690096e-09
