% time-domain voltage integration by openEMS v0.0.35 @Sun Sep 12 11:51:13 2021
% start-coordinates: (-0.0142156,0,0) m -> [4,17,0]
% stop-coordinates: (-0.0142156,0,0.000254) m -> [4,17,4]
% t/s	voltage
0	-0
6.23177404913e-11	-5.88905835208e-09
1.24635480983e-10	-1.14655158701e-08
1.86953221474e-10	-1.2506247371e-08
2.49270961965e-10	3.36035171911e-09
3.11588702457e-10	6.36615755667e-08
3.73906442948e-10	2.05670136921e-07
4.36224183439e-10	4.73878451146e-07
4.98541923931e-10	8.81504377048e-07
5.60859664422e-10	1.35491512765e-06
6.23177404913e-10	1.66000492641e-06
6.85495145405e-10	1.35231562126e-06
7.47812885896e-10	-1.86985928963e-07
8.10130626388e-10	-3.56243288024e-06
8.72448366879e-10	-9.015636806e-06
9.3476610737e-10	-1.6001383301e-05
9.97083847862e-10	-2.28992948905e-05
1.05940158835e-09	-2.71131057161e-05
1.12171932884e-09	-2.57289993897e-05
1.18403706934e-09	-1.66399909176e-05
1.24635480983e-09	2.59085112475e-07
1.30867255032e-09	2.23939650823e-05
1.37099029081e-09	4.48435757789e-05
1.4333080313e-09	6.17527803115e-05
1.49562577179e-09	6.83548441884e-05
1.55794351228e-09	6.27462140983e-05
1.62026125278e-09	4.66107294415e-05
1.68257899327e-09	2.4548734018e-05
1.74489673376e-09	2.33738956013e-06
1.80721447425e-09	-1.50779383148e-05
1.86953221474e-09	-2.50112002504e-05
1.93184995523e-09	-2.740074342e-05
1.99416769572e-09	-2.4171952191e-05
2.05648543621e-09	-1.80818688023e-05
2.11880317671e-09	-1.16230464755e-05
2.1811209172e-09	-6.38813150999e-06
2.24343865769e-09	-2.95956573382e-06
2.30575639818e-09	-1.17983134373e-06
2.36807413867e-09	-5.29673798155e-07
2.43039187916e-09	-4.37696868971e-07
2.49270961965e-09	-4.46049483571e-07
2.55502736015e-09	-2.63039133586e-07
2.61734510064e-09	2.31248950655e-07
2.67966284113e-09	9.89079921965e-07
2.74198058162e-09	1.80903373348e-06
2.80429832211e-09	2.3843962822e-06
2.8666160626e-09	2.40692469333e-06
2.92893380309e-09	1.69895648128e-06
2.99125154358e-09	3.22051974422e-07
3.05356928408e-09	-1.39206034078e-06
3.11588702457e-09	-2.94423688274e-06
3.17820476506e-09	-3.84736654269e-06
3.24052250555e-09	-3.81486296419e-06
3.30284024604e-09	-2.87451689474e-06
3.36515798653e-09	-1.34904425408e-06
3.42747572702e-09	2.80292994148e-07
3.48979346752e-09	1.55642575805e-06
3.55211120801e-09	2.19655885303e-06
3.6144289485e-09	2.15326048192e-06
3.67674668899e-09	1.57963859237e-06
3.73906442948e-09	7.34421419679e-07
3.80138216997e-09	-1.24223909381e-07
3.86369991046e-09	-8.16846267071e-07
3.92601765095e-09	-1.27370577729e-06
3.98833539145e-09	-1.51896756506e-06
4.05065313194e-09	-1.62313489227e-06
4.11297087243e-09	-1.64390948498e-06
4.17528861292e-09	-1.58382039217e-06
4.23760635341e-09	-1.38612563205e-06
4.2999240939e-09	-9.71914545289e-07
4.36224183439e-09	-3.07777945352e-07
4.42455957489e-09	5.35915219757e-07
4.48687731538e-09	1.36868735012e-06
4.54919505587e-09	1.93052329678e-06
4.61151279636e-09	1.99000328394e-06
4.67383053685e-09	1.45308808897e-06
4.73614827734e-09	4.24476624517e-07
4.79846601783e-09	-8.11634777165e-07
4.86078375833e-09	-1.88966154724e-06
4.92310149882e-09	-2.49564834576e-06
4.98541923931e-09	-2.47866358905e-06
5.0477369798e-09	-1.89246179616e-06
5.11005472029e-09	-9.56379039962e-07
5.17237246078e-09	3.86419616305e-08
5.23469020127e-09	8.33494567587e-07
5.29700794176e-09	1.27477946421e-06
5.35932568226e-09	1.33774014444e-06
5.42164342275e-09	1.10261404984e-06
5.48396116324e-09	7.02562843458e-07
5.54627890373e-09	2.67097817641e-07
5.60859664422e-09	-1.20368973455e-07
5.67091438471e-09	-4.36629491674e-07
5.7332321252e-09	-7.01940521708e-07
5.7955498657e-09	-9.43577120438e-07
5.85786760619e-09	-1.15583100069e-06
5.92018534668e-09	-1.28256215248e-06
5.98250308717e-09	-1.23383196637e-06
6.04482082766e-09	-9.34469412073e-07
6.10713856815e-09	-3.78562923231e-07
6.16945630864e-09	3.36812988166e-07
6.23177404913e-09	1.02652944634e-06
6.29409178963e-09	1.47611601164e-06
6.35640953012e-09	1.52565635858e-06
6.41872727061e-09	1.13676338742e-06
6.4810450111e-09	4.14331772447e-07
6.54336275159e-09	-4.29521371359e-07
6.60568049208e-09	-1.15199279094e-06
6.66799823257e-09	-1.56349597091e-06
6.73031597307e-09	-1.58468117206e-06
6.79263371356e-09	-1.25843178012e-06
6.85495145405e-09	-7.18108012165e-07
6.91726919454e-09	-1.3148002509e-07
6.97958693503e-09	3.5584331215e-07
7.04190467552e-09	6.58763724459e-07
7.10422241601e-09	7.63201839504e-07
7.16654015651e-09	7.10460554387e-07
7.228857897e-09	5.6620311284e-07
7.29117563749e-09	3.86217003268e-07
7.35349337798e-09	1.94497559391e-07
7.41581111847e-09	-1.63224833649e-08
7.47812885896e-09	-2.64387473692e-07
7.54044659945e-09	-5.48204866391e-07
7.60276433994e-09	-8.25229278689e-07
7.66508208044e-09	-1.01422429566e-06
7.72739982093e-09	-1.02468155205e-06
7.78971756142e-09	-8.0146813275e-07
7.85203530191e-09	-3.61595695608e-07
7.9143530424e-09	1.96699822652e-07
7.97667078289e-09	7.2024808162e-07
8.03898852338e-09	1.053982146e-06
8.10130626388e-09	1.09736757281e-06
8.16362400437e-09	8.40668405999e-07
8.22594174486e-09	3.66834250087e-07
8.28825948535e-09	-1.81779935104e-07
8.35057722584e-09	-6.5307250452e-07
8.41289496633e-09	-9.34077334591e-07
