% time-domain voltage integration by openEMS v0.0.35 @Sun Sep 12 11:51:13 2021
% start-coordinates: (0.0142156,0,0) m -> [56,17,0]
% stop-coordinates: (0.0142156,0,0.000254) m -> [56,17,4]
% t/s	voltage
0	-0
6.23177404913e-11	2.96452158611e-12
1.24635480983e-10	-2.90350979371e-10
1.86953221474e-10	-3.1149846591e-10
2.49270961965e-10	-7.29531660776e-11
3.11588702457e-10	9.11227135414e-10
3.73906442948e-10	3.19248966152e-09
4.36224183439e-10	7.93810195354e-09
4.98541923931e-10	1.68671294709e-08
5.60859664422e-10	2.90294743799e-08
6.23177404913e-10	4.14320302511e-08
6.85495145405e-10	4.70354599713e-08
7.47812885896e-10	3.31824443478e-08
8.10130626388e-10	-1.4642677959e-08
8.72448366879e-10	-1.10008221199e-07
9.3476610737e-10	-2.54151359513e-07
9.97083847862e-10	-4.324039935e-07
1.05940158835e-09	-6.11487706692e-07
1.12171932884e-09	-7.42608207815e-07
1.18403706934e-09	-7.78693177494e-07
1.24635480983e-09	-6.94187846761e-07
1.30867255032e-09	-4.98161512041e-07
1.37099029081e-09	-2.33497676305e-07
1.4333080313e-09	4.20730765782e-08
1.49562577179e-09	2.8701607846e-07
1.55794351228e-09	5.0524982953e-07
1.62026125278e-09	7.56280158498e-07
1.68257899327e-09	1.13152057679e-06
1.74489673376e-09	1.70026254409e-06
1.80721447425e-09	2.44337741151e-06
1.86953221474e-09	3.20826006828e-06
1.93184995523e-09	3.72154653405e-06
1.99416769572e-09	3.67404231838e-06
2.05648543621e-09	2.86002403982e-06
2.11880317671e-09	1.31142749638e-06
2.1811209172e-09	-6.46802263304e-07
2.24343865769e-09	-2.46816233584e-06
2.30575639818e-09	-3.57381770755e-06
2.36807413867e-09	-3.58484976459e-06
2.43039187916e-09	-2.48292235483e-06
2.49270961965e-09	-6.25768237228e-07
2.55502736015e-09	1.39723343295e-06
2.61734510064e-09	2.99412505456e-06
2.67966284113e-09	3.77751490532e-06
2.74198058162e-09	3.66699845245e-06
2.80429832211e-09	2.85759676899e-06
2.8666160626e-09	1.69735616851e-06
2.92893380309e-09	5.4082920542e-07
2.99125154358e-09	-3.62570411028e-07
3.05356928408e-09	-9.13467602004e-07
3.11588702457e-09	-1.14292888043e-06
3.17820476506e-09	-1.15377827115e-06
3.24052250555e-09	-1.04789353372e-06
3.30284024604e-09	-8.7074560895e-07
3.36515798653e-09	-5.95118535784e-07
3.42747572702e-09	-1.5102468609e-07
3.48979346752e-09	5.08586495584e-07
3.55211120801e-09	1.33860308438e-06
3.6144289485e-09	2.16884330939e-06
3.67674668899e-09	2.73736247891e-06
3.73906442948e-09	2.78649690699e-06
3.80138216997e-09	2.18582414391e-06
3.86369991046e-09	1.0186047632e-06
3.92601765095e-09	-4.16438261652e-07
3.98833539145e-09	-1.69876318523e-06
4.05065313194e-09	-2.44095821245e-06
4.11297087243e-09	-2.4350454737e-06
4.17528861292e-09	-1.72330865666e-06
4.23760635341e-09	-5.66636003896e-07
4.2999240939e-09	6.6760200923e-07
4.36224183439e-09	1.64212400477e-06
4.42455957489e-09	2.15281528426e-06
4.48687731538e-09	2.1658573246e-06
4.54919505587e-09	1.78931131245e-06
4.61151279636e-09	1.20486211586e-06
4.67383053685e-09	5.92374945541e-07
4.73614827734e-09	7.4552513496e-08
4.79846601783e-09	-3.04949075769e-07
4.86078375833e-09	-5.67448154243e-07
4.92310149882e-09	-7.58542782364e-07
4.98541923931e-09	-9.01183113911e-07
5.0477369798e-09	-9.65646705708e-07
5.11005472029e-09	-8.75863946703e-07
5.17237246078e-09	-5.52309714408e-07
5.23469020127e-09	2.66476591904e-08
5.29700794176e-09	7.79313168664e-07
5.35932568226e-09	1.52026746036e-06
5.42164342275e-09	2.01512312969e-06
5.48396116324e-09	2.07150770848e-06
5.54627890373e-09	1.62499983958e-06
5.60859664422e-09	7.78225640374e-07
5.67091438471e-09	-2.28199677821e-07
5.7332321252e-09	-1.10119665919e-06
5.7955498657e-09	-1.60033377483e-06
5.85786760619e-09	-1.61718202207e-06
5.92018534668e-09	-1.19843949165e-06
5.98250308717e-09	-5.11222793875e-07
6.04482082766e-09	2.28542713643e-07
6.10713856815e-09	8.30777054261e-07
6.16945630864e-09	1.18298112284e-06
6.23177404913e-09	1.2658040589e-06
6.29409178963e-09	1.13511174504e-06
6.35640953012e-09	8.83171935584e-07
6.41872727061e-09	5.9599317126e-07
6.4810450111e-09	3.22812667264e-07
6.54336275159e-09	6.90043293616e-08
6.60568049208e-09	-1.8545954461e-07
6.66799823257e-09	-4.5300171081e-07
6.73031597307e-09	-7.08457491783e-07
6.79263371356e-09	-8.81775036987e-07
6.85495145405e-09	-8.81662231222e-07
6.91726919454e-09	-6.41893123543e-07
6.97958693503e-09	-1.67417560704e-07
7.04190467552e-09	4.46192544246e-07
7.10422241601e-09	1.03302753018e-06
7.16654015651e-09	1.41292272815e-06
7.228857897e-09	1.45959845099e-06
7.29117563749e-09	1.15062076134e-06
7.35349337798e-09	5.76615718728e-07
7.41581111847e-09	-9.23017680066e-08
7.47812885896e-09	-6.67770976293e-07
7.54044659945e-09	-1.00630427369e-06
7.60276433994e-09	-1.04923338995e-06
7.66508208044e-09	-8.2888495001e-07
7.72739982093e-09	-4.43695178376e-07
7.78971756142e-09	-1.6680214987e-08
7.85203530191e-09	3.46317307276e-07
7.9143530424e-09	5.84272015658e-07
7.97667078289e-09	6.88018076289e-07
8.03898852338e-09	6.86800049721e-07
8.10130626388e-09	6.23204343242e-07
8.16362400437e-09	5.27260951344e-07
8.22594174486e-09	4.03254077241e-07
8.28825948535e-09	2.35049231634e-07
8.35057722584e-09	7.25934723445e-09
8.41289496633e-09	-2.69418983123e-07
